"","500","495","490","485","480","475","470","465","460","455","450","445","440","435","430","425","420","415","410","405","400","395","390","385","380","375","370","365","360","355","350","345","340","335","330","325","320","315","310","305","300","295","290","285","280","275","270","265","260","255","250","245","240"
"248.336",0,0,0,0,0,0,0,0,0,0,0,0,0,0,0,0,0,0,0,0,0,0,0,0,0,0,0,0,0,0,0,0,0,0,0,0,0,0,0,0,0,0,0,0,0,0,0,0,0,0,0,0,0
"252.814",0,0,0,0,0,0,0,0,0,0,0,0,0,0,0,0,0,0,0,0,0,0,0,0,0,0,0,0,0,0,0,0,0,0,0,0,0,0,0,0,0,0,0,0,0,0,0,0,0,0,0,-0.0307019902361569,0.00391903697154633
"257.296",0,0,0,0,0,0,0,0,0,0,0,0,0,0,0,0,0,0,0,0,0,0,0,0,0,0,0,0,0,0,0,0,0,0,0,0,0,0,0,0,0,0,0,0,0,0,0,0,0,0,-0.065112402913448,-0.00289272219853154,-0.00244759002428457
"261.781",0,0,0,0,0,0,0,0,0,0,0,0,0,0,0,0,0,0,0,0,0,0,0,0,0,0,0,0,0,0,0,0,0,0,0,0,0,0,0,0,0,0,0,0,0,0,0,0,0,-0.145852900848414,-0.00213849058199568,0.00307415618693116,0.00803928192958669
"266.271",0,0,0,0,0,0,0,0,0,0,0,0,0,0,0,0,0,0,0,0,0,0,0,0,0,0,0,0,0,0,0,0,0,0,0,0,0,0,0,0,0,0,0,0,0,0,0,0,-0.14230764848405,-0.00338153992445375,-0.000883395880068819,0.00235479518500931,-0.0183173032975643
"270.764",0,0,0,0,0,0,0,0,0,0,0,0,0,0,0,0,0,0,0,0,0,0,0,0,0,0,0,0,0,0,0,0,0,0,0,0,0,0,0,0,0,0,0,0,0,0,0,-0.107897433893652,-0.00608341746264757,0.00270264805405118,0.00123969382763406,-0.00179004722500309,0.0121658425525213
"275.26",0,0,0,0,0,0,0,0,0,0,0,0,0,0,0,0,0,0,0,0,0,0,0,0,0,0,0,0,0,0,0,0,0,0,0,0,0,0,0,0,0,0,0,0,0,0,-0.0850516384372617,-0.00587391025412418,0.00231688552120787,0.000629285165419657,-0.00270608521879834,0.00541930121659639,0.00555333805250321
"279.76",0,0,0,0,0,0,0,0,0,0,0,0,0,0,0,0,0,0,0,0,0,0,0,0,0,0,0,0,0,0,0,0,0,0,0,0,0,0,0,0,0,0,0,0,0,0.00311507747240869,-0.00821661081538702,8.54015770717087e-05,-0.000549776139735753,0.000633431713006227,-0.0015892632315801,0.00544770703475432,-0.00107119050408118
"284.264",0,0,0,0,0,0,0,0,0,0,0,0,0,0,0,0,0,0,0,0,0,0,0,0,0,0,0,0,0,0,0,0,0,0,0,0,0,0,0,0,0,0,0,0,0,-0.011581935299785,7.06242533354273e-05,0.000230651788678413,-0.00184881938202802,-0.00121609912596221,0.00295532356952267,0.00702562730010496,0.0113408207749724
"288.772",0,0,0,0,0,0,0,0,0,0,0,0,0,0,0,0,0,0,0,0,0,0,0,0,0,0,0,0,0,0,0,0,0,0,0,0,0,0,0,0,0,0,0,0,-0.0164077134759084,0.000894955537074707,0.000455032468785241,0.00219900066337789,-0.00354440335931283,-0.00212971117915428,0.00083007791174391,0.00526082524300467,0.00894969965570909
"293.283",0,0,0,0,0,0,0,0,0,0,0,0,0,0,0,0,0,0,0,0,0,0,0,0,0,0,0,0,0,0,0,0,0,0,0,0,0,0,0,0,0,0,0,-0.0183448285320881,-0.000482920403017964,0.0013733506702128,8.11897339240142e-05,-0.0026071988181216,-0.00166727104426015,0.000122474471363102,0.00140358270168642,0.00219455542637189,0.00770982645276937
"297.797",0,0,0,0,0,0,0,0,0,0,0,0,0,0,0,0,0,0,0,0,0,0,0,0,0,0,0,0,0,0,0,0,0,0,0,0,0,0,0,0,0,0,-0.0219271649220835,0.000358639341454928,0.00031652513381485,0.00156088043285652,-0.00107002494349306,-0.00178572379687122,0.000543709903631694,0.00210996806415021,0.00396927210760497,0.00530384230364995,0.00935253088866361
"302.315",0,0,0,0,0,0,0,0,0,0,0,0,0,0,0,0,0,0,0,0,0,0,0,0,0,0,0,0,0,0,0,0,0,0,0,0,0,0,0,0,0,-0.0312417541032333,-0.000341654010655286,0.000529901920320205,0.0015596040844558,0.000445452046765771,-0.000813240194480203,0.00049543197484006,0.000566519071745143,-0.000313571357802096,-0.000331534045934783,0.0044949563952718,0.00936070627166033
"306.837",0,0,0,0,0,0,0,0,0,0,0,0,0,0,0,0,0,0,0,0,0,0,0,0,0,0,0,0,0,0,0,0,0,0,0,0,0,0,0,0,-0.0324398023881228,-0.000492962741945144,-2.9856236981235e-05,0.000561753397278878,0.000218621016079418,-0.000144834667829608,0.00108082939564597,-2.56353235783581e-05,0.000508994549626125,0.00118915203399791,0.00360635249608797,0.0032866147059125,0.00355634227621045
"311.362",0,0,0,0,0,0,0,0,0,0,0,0,0,0,0,0,0,0,0,0,0,0,0,0,0,0,0,0,0,0,0,0,0,0,0,0,0,0,0,-0.0497110545567746,-0.000115642651636213,-9.52840911337023e-05,0.000131883831732588,0.000833436693895254,-0.000307779313107659,0.00174484207493443,-0.00505338960801553,0.000367091474762379,0.00150546376424375,0.00206595646841135,0.00294926673531115,0.00217506782146416,0.0065556124773873
"315.89",0,0,0,0,0,0,0,0,0,0,0,0,0,0,0,0,0,0,0,0,0,0,0,0,0,0,0,0,0,0,0,0,0,0,0,0,0,0,-0.0295599343352961,-0.00135469249358479,-0.000622717911716267,-0.000439830010304426,-0.000427393278248894,-2.03610171446988e-05,-8.04997242817296e-05,0.00193898085136696,0.000687079285791878,0.00032172369330412,-0.000290842917604639,0.000315361741232357,0.00248926770036882,0.00139217900995417,0.00526333057394231
"320.422",0,0,0,0,0,0,0,0,0,0,0,0,0,0,0,0,0,0,0,0,0,0,0,0,0,0,0,0,0,0,0,0,0,0,0,0,0,0.00118452019915316,-0.00277096689096597,-0.000182309509003168,0.000254851587214737,6.19897459625401e-05,-1.63039932563613e-05,-0.00200955733264324,0.00162300283714872,0.00298310597831543,0.00108579303309305,0.00143867563181644,0.00163361928614763,0.00245901627131973,0.00122322100302958,0.00516222257564417,0.00406502444100864
"324.958",0,0,0,0,0,0,0,0,0,0,0,0,0,0,0,0,0,0,0,0,0,0,0,0,0,0,0,0,0,0,0,0,0,0,0,0,0.000901337528578572,-0.00443420800356919,-0.000529940549111402,5.85244478509914e-05,0.000113503887098465,0.000466615680294491,-0.00161173340728851,-0.00017488283280747,0.00103444404549596,0.0022768480435547,0.000426764430897978,0.000243321764960815,-0.000859425819351391,0.00193599237165568,-0.00234357498719328,0.0035720698580802,0.00876471014933198
"329.496",0,0,0,0,0,0,0,0,0,0,0,0,0,0,0,0,0,0,0,0,0,0,0,0,0,0,0,0,0,0,0,0,0,0,0,0.000919403781900918,-0.00649963704839271,-0.00022126976424411,-0.000532483100466108,-0.000299387472244528,0.000278358691404038,-0.00112795909109814,-0.00117123892826933,-0.000568468694100681,0.000642210646733256,0.00217966028077372,0.000275174947168458,-0.000649823235368271,0.000225135247914322,-0.00100134606212384,-0.000630085520471135,0.00112154167263484,0.00126954391986766
"334.038",0,0,0,0,0,0,0,0,0,0,0,0,0,0,0,0,0,0,0,0,0,0,0,0,0,0,0,0,0,0,0,0,0,0,0.00102428133094812,-0.00854965178144695,3.71041686397303e-05,0.000252150226006323,-0.000232997841960925,0.000170609004787915,-0.000254496746134286,-0.000611244036929054,-9.70058347286359e-05,-0.000144338271181675,0.000606957017128502,0.00122854908894622,0.000355557858065963,0.000712732421561842,-0.000102648584724977,0.00138558421696922,-0.000507041672080815,-0.000603072741299386,0.0107425797186683
"338.584",0,0,0,0,0,0,0,0,0,0,0,0,0,0,0,0,0,0,0,0,0,0,0,0,0,0,0,0,0,0,0,0,0,0.000909915461079325,-0.000254245258541841,-0.000498939355637171,0.000102096332030618,-0.000303677930619528,-0.000114995034680019,0.000426404050421353,-0.00171568839833347,-0.000490826889448702,-0.00030349193351756,-0.000767870517047237,0.00101993662751703,0.00190785654903301,0.000759866783946609,0.000428098653044428,-0.000541050830746076,-0.00110986933480257,-0.00116276384728787,0.00118530252324516,0.0133835352631535
"343.133",0,0,0,0,0,0,0,0,0,0,0,0,0,0,0,0,0,0,0,0,0,0,0,0,0,0,0,0,0,0,0,0,0.000755892879486963,0.0233396245788814,-0.000339171760263796,0.00024467819923882,-0.000135323743598233,0.000103255657819674,0.000500286184975177,-0.000943560673885013,-0.000235908659063783,0.000160730417657988,-0.000154653777845995,-0.000377091918151936,0.000611776114739341,0.00204960620709355,-9.55347095114648e-05,0.000721727947544077,-0.000275485084244699,0.000938734006136394,0.00176816881948976,0.00250054767797317,-0.00240085987934344
"347.685",0,0,0,0,0,0,0,0,0,0,0,0,0,0,0,0,0,0,0,0,0,0,0,0,0,0,0,0,0,0,0,0,0.00258350575347222,0.00055669760309281,8.01143111221932e-06,4.70407991197026e-05,0.000344898973039045,4.6601293652547e-05,-0.000257294608791286,-0.000916843573076406,-0.000213604543480008,0.000170563320179441,0.000224640380973,-0.00011817694443113,0.000849544992696539,0.00222370066924582,0.000652830798858041,0.00177866376518521,0.0017005327048066,0.00274120868053287,0.00127293857452644,0.00255843079928299,0.0109625700456522
"352.24",0,0,0,0,0,0,0,0,0,0,0,0,0,0,0,0,0,0,0,0,0,0,0,0,0,0,0,0,0,0,0,0.00363472185954461,-0.000118990856021114,-3.47394078187412e-05,-6.37671609308946e-05,-0.000283029046651769,-0.000558372711201689,-0.000292149095166977,-0.000825381751746665,-0.000283510072178464,-0.000407332188129634,-0.00045221114439221,-0.000693467406213347,-0.000344746204431988,2.03388072185402e-05,0.00128490386460195,-0.00102079173170115,-0.0010489516703665,0.000282085496837838,0.000536274579264548,0.000440282248817825,0.000667523654235321,0.00412291788314026
"356.799",0,0,0,0,0,0,0,0,0,0,0,0,0,0,0,0,0,0,0,0,0,0,0,0,0,0,0,0,0,0,-0.0109496967431736,-0.000132727342830704,0.000297721809407146,0.000354366998720469,0.000538674257903259,-6.47024626105729e-05,0.000684699184240453,-0.000722848276610177,-0.000138786405703875,0.000122508506713106,-0.000362538570642128,4.86499444622007e-06,0.00010298545991333,-0.000410608451140515,0.000963817323776262,0.000470413104309633,0.000735385541106534,0.000913562966528455,-0.000227638482702134,0.00193356047778537,0.0017336097221111,0.00342857164532355,-0.000840461967863538
"361.361",0,0,0,0,0,0,0,0,0,0,0,0,0,0,0,0,0,0,0,0,0,0,0,0,0,0,0,0,0,-0.0195374486421623,-0.000153386165240736,-7.45248465100837e-05,-0.00017624530527304,-2.96140419885774e-05,-0.000165490749629986,-0.000224152679778891,-0.00102529324067419,-0.0002882283863671,-0.00013828514454271,0.000250997240496417,-0.000165141883913205,0.000134095841016356,-0.000401437639600303,-0.000295719432210184,0.000489328099924908,0.000772628811070781,-0.000538637084638799,-0.00105255650624752,0.000165884672889614,0.00089050758409661,0.00139347965871105,0.00382131038059395,0.0036617534870415
"365.926",0,0,0,0,0,0,0,0,0,0,0,0,0,0,0,0,0,0,0,0,0,0,0,0,0,0,0,0,-0.014647034392175,-0.00100288348647817,-0.000122317691034761,-0.000315913701465439,-0.000216326635501602,-0.000231656993079137,-0.000433305346768931,-0.000936139686932042,-0.000926074720904863,-0.000371972846166247,-0.000274669564925284,-0.000592658454185008,-0.000669158059046718,-0.000579425776312435,-0.00051706610978207,-0.000680570928500475,-4.27110160349606e-05,1.79186617895594e-05,-0.00142864682580885,-0.000752079732924126,0.00060235983441789,-0.00169448115328326,0.00106648203772655,0.00142352706279279,-0.0024439229087167
"370.495",0,0,0,0,0,0,0,0,0,0,0,0,0,0,0,0,0,0,0,0,0,0,0,0,0,0,0,-0.0114566429891759,-0.000791165428514935,-8.51675755497187e-05,2.0712052155333e-05,0.000104544833654409,0.000139366467436437,0.000302636374082716,0.000111253567776748,-0.00106109911422456,-3.32513526091101e-05,-0.000127894099072671,0.000156131816366733,-0.000184638787056352,-2.84341896509119e-05,-0.00035978123980975,-0.000372712176826137,-6.13459713901003e-05,0.000191262861651034,0.00038654314749299,-0.00040260899737995,0.000259488069973236,0.000321264341838522,0.000826734013149082,0.00102086856874218,0.00442028504330881,0.01229776527439
"375.067",0,0,0,0,0,0,0,0,0,0,0,0,0,0,0,0,0,0,0,0,0,0,0,0,0,0,-0.00225749155582644,-0.00163978243524517,-7.89657066693778e-05,5.80407654239634e-05,0.000137169778397435,0.000186956438309238,0.000342777548952105,0.000498488733464489,-0.000866043834526486,-0.000556131335438328,6.20815861161767e-05,2.26999468538169e-05,0.000106098240803892,-8.49459548467647e-05,-3.49131164334177e-06,-0.000411691784236975,-0.00018754920540404,-0.000279562240358817,0.000238464963743585,0.00117733849183319,-0.000104069257638055,0.000384654093131907,0.000811316982637181,0.000563493806357665,0.0030638216787997,0.0014813806685451,0.0132753945702856
"379.641",0,0,0,0,0,0,0,0,0,0,0,0,0,0,0,0,0,0,0,0,0,0,0,0,0,0.00101069774233076,-0.00307420999333003,5.79990309169187e-05,-4.74306350971799e-05,0.000125078595882794,1.9295203818096e-05,0.000228303708892743,-6.23106839655121e-05,-0.000375553767259507,0.000300341425295822,-0.000332141614019047,2.10915433396597e-05,7.19125552999347e-05,0.000250191794143039,0.000232183895494885,0.000391733760780632,-2.80205380003952e-05,-0.000201523942074737,3.80138557690285e-05,0.000155937689740991,0.000890386318420258,-0.000775267537199803,0.000448211892275728,0.00123797036632237,0.00251736079980119,0.00200371068221956,0.00171257852846089,0.00462944156286484
"384.219",0,0,0,0,0,0,0,0,0,0,0,0,0,0,0,0,0,0,0,0,0,0,0,0,0.000705534990623313,-0.00197191019180501,0.00013336327347984,0.000204504081323206,-9.61798209471419e-05,2.68021365376183e-05,0.000166044885510015,-1.23864229186615e-05,-0.000506196309847148,-0.000439544752889244,1.85973991552093e-05,6.51089325622105e-05,-0.000163780959532641,-0.000346670059308986,9.08436176684257e-05,-8.67540798366365e-05,3.81060577509639e-05,-0.00022199395883498,0.000165354546478962,-0.000604476626854334,-9.83180340663478e-05,0.000266758312905915,0.000259768126116668,0.000535700627834652,0.000212142698442392,0.000633916207957362,0.00157427230419448,0.00339467172462367,0.00946440176109983
"388.801",0,0,0,0,0,0,0,0,0,0,0,0,0,0,0,0,0,0,0,0,0,0,0,0.000518685360107352,0.0292086605879908,-9.0468652286263e-05,-0.000232335921127908,9.43103368147326e-05,-0.000353754785530711,-0.000243223752273548,2.460676483515e-05,0.000269481450350599,-0.000440100471872665,-0.000575313847164902,-0.000181753450470146,-0.000318823323975816,8.30784214667177e-05,-0.000345006776625904,-0.000479715615216183,-0.000154044307172006,-5.55031067429857e-05,-0.000419002097572661,5.7821610543872e-05,-0.00034579577041549,-0.000454844571519686,5.67612269003217e-05,-0.000159114486167608,-0.00071735240189403,-0.000597629430234213,-0.0013335648745529,-0.00184451438482449,-0.00110293740330059,-0.00337435851479971
"393.385",0,0,0,0,0,0,0,0,0,0,0,0,0,0,0,0,0,0,0,0,0,0,0.000981809902253605,0.0492492596996611,0.00133375900780419,0.000462913582065603,0.00018678525711717,0.000496866928052172,0.000450928374980038,0.00022267103006,0.000497762300818605,2.75468972418674e-05,-5.54289127103584e-05,0.000182867155663988,3.7627856159346e-05,-2.33368220479025e-05,0.000446019672730105,0.000106958431388621,9.86256560905397e-05,1.75944527252578e-05,0.00029849664178473,0.000263066142227037,0.000198274833733153,0.000189700886508652,0.000751414313025567,0.00100926047043554,0.00170782271738836,0.000440149472586368,0.00139591290137421,0.00105550855719399,0.00468362062993202,0.0054497067743785,0.0139834571698196
"397.972",0,0,0,0,0,0,0,0,0,0,0,0,0,0,0,0,0,0,0,0,0,0.000723151636451425,0.0057633950636775,0.000700401068209284,0.00127390210890733,0.000360742005574742,-4.52078291282368e-05,0.000123343666544755,2.66608780864889e-05,-0.00024863375321894,-0.000149399943749087,-7.80468610445187e-05,-0.000103966825502626,-4.60038479937676e-05,-0.00012852740716429,-0.000135383846365509,-0.000265498619924558,-8.38805051990684e-05,0.000122662172533055,5.09030626373813e-05,5.95848308157265e-05,-0.00026853440090855,-0.000194331303893942,-0.000191436794212011,0.00010159801177402,0.000207587769169353,-0.000137647172936378,0.000272688489629046,0.000589482516397608,0.00107604058534163,-0.000684741366707375,0.00147123628223717,0.00012925446432684
"402.562",0,0,0,0,0,0,0,0,0,0,0,0,0,0,0,0,0,0,0,0,0.000459786207308799,-0.0018698932060259,0.0002111037025176,0.000593775753459964,0.00104300017385938,0.000365905383962223,-0.000125344555167312,-0.000217176406604745,3.50990905282258e-05,-0.000122143712437212,-0.00024261037995256,-0.000346676234201844,6.06496409569345e-05,-0.000365438678549567,-0.000353734591558442,-0.000329758527952944,-0.00019403320511197,-8.87627579718819e-05,-7.53996790683442e-05,-5.14653365005744e-05,-0.000360776631517773,-7.49420264193358e-05,-6.4141752893632e-05,-0.000134382377837063,-2.94083445630906e-05,-3.54170456591577e-05,-0.00034203335568706,-0.000167274436425943,0.000296093909939364,0.000505032733644174,0.000161881786548351,-4.53390616052835e-05,0.00341837908844178
"407.156",0,0,0,0,0,0,0,0,0,0,0,0,0,0,0,0,0,0,0,0.000603984394478063,-0.00988993470596697,0.000114125984720139,9.08087589327339e-05,0.000701006482010691,0.00125565298117364,0.00044458160325545,-0.00117903303431091,-0.000105160975975246,-0.000140332095190404,-0.000112130521421144,-0.000148119665140049,-0.000171671983383947,-0.000177554300733473,-9.6835988189591e-05,-0.000176639328363918,-0.000262404633137575,-5.94488683227359e-05,-3.29704352537689e-05,-0.000239973724976229,-9.36586752763809e-05,4.22484021701973e-05,-0.000200767568090359,1.45940536769747e-05,-0.000106739059113884,-0.000101280422886804,-0.000373257138350229,-4.28311827570188e-05,-0.000127678326262877,-0.000479646519331594,-0.000730271870879856,-0.000483838899229317,0.000732397295683094,0.00165239175317771
"411.752",0,0,0,0,0,0,0,0,0,0,0,0,0,0,0,0,0,0,0.000631838103692273,-0.0207542910449066,-0.000458893384475563,6.22076424525203e-05,0.000433250244891695,0.00065134330937456,0.00167726102957696,0.000518154750514365,-6.65425249052904e-05,0.00014314242385163,0.000179855725458998,-0.000361591396322039,-0.000191642634180978,-7.25668178368961e-05,-7.34850577755588e-05,-0.000263634676328967,-9.41262270840511e-06,-2.50023024493608e-06,-0.000125796852421067,-0.000403737592566815,-6.47743810961953e-05,8.5967051134899e-05,-8.77136130499117e-05,-0.000105276074785168,-0.000264012177444064,3.78827986107465e-05,-0.000122179892626282,0.000232763313980045,-1.94403064933319e-05,0.000473035261215522,-0.00129172917659976,0.0011426141927147,0.000914483908323913,0.00054203066140866,0.00467942609071341
"416.352",0,0,0,0,0,0,0,0,0,0,0,0,0,0,0,0,0,0,-0.0054268323052665,-0.000618889680769527,-7.18499501406325e-06,0.000315468433753385,0.000114762634178583,0.000385303949578385,0.001497040558467,0.000253020193829763,-0.00011879224175159,2.25984997595588e-05,0.000116977005237669,-0.00020242684857697,2.41446325563997e-05,0.000129057152645007,-0.00021852994898761,1.49097471089698e-05,-0.000283422414025674,-0.000353498888373005,-6.91704375917418e-05,-0.000114015021419195,-9.82225778880094e-05,-0.000191915049263343,0.000295832464632335,-0.000114543052117352,-0.000317915071574324,-0.000660932296659386,-0.000466265329812877,-4.31356786199674e-05,0.000715035640863909,0.000290899591036882,0.000531029165642835,-0.000768606188450793,0.000590557800626619,0.00258401665205727,0.00797888001838332
"420.954",0,0,0,0,0,0,0,0,0,0,0,0,0,0,0,0,0,-0.00513869971955649,-0.00130387869590909,-0.00010151048277466,2.10702174014443e-05,0.000359061006849975,2.4521663660309e-05,0.00045846679972026,0.00150476446418259,0.000354622660104074,-9.39191099815287e-05,0.000145838029441646,-0.000177096021242575,-4.11581118130804e-05,-1.54656492553792e-05,-0.000144528993762402,-0.000158645634162317,-0.000104853221813907,-0.00010220561918178,0.000113359979501571,-5.64108469233879e-05,-7.54208938698363e-05,-0.00020664122000726,-0.000359725738567688,0.000121924743606412,-0.000159129379511585,-0.000380404959450135,8.70041488933812e-05,0.000212642902412891,4.54783933016734e-05,0.000564704162405851,0.000432606899105582,-0.000103210942826061,0.00110102505641326,0.000311079579986673,0.000833009591728523,0.00545118037000831
"425.56",0,0,0,0,0,0,0,0,0,0,0,0,0,0,0,0,0.0192570278728965,-0.000706813767102389,0.000380668663111427,8.60034817738863e-05,8.81484330639672e-06,0.000175235798044869,0.000158836067553882,0.000362813275692494,0.00161095544405536,0.00049650764157351,-3.2691303632093e-05,0.000109955361051243,0.000182739102703595,-7.29099192017077e-05,0.000124061684913917,3.23429061195187e-05,-0.000120643425619369,7.30927141280779e-05,-2.57700526824502e-05,-8.04787563070664e-05,5.31613121033257e-05,-0.000180722906540542,0.000225626498763432,-9.15529554938032e-05,-6.000622073401e-05,4.22782960893024e-05,0.000102710530310975,3.41638964267144e-05,0.000194109013183759,0.000664890417230338,0.000370581492277098,0.000231027723268445,0.00161571683079786,0.00124523899879512,0.00149705538733688,0.00381978644343085,0.00427539879560599
"430.168",0,0,0,0,0,0,0,0,0,0,0,0,0,0,0,0.0369387178630598,-4.38888424341005e-05,0.000104865586443936,0.000140280091900209,-0.000157757320843777,6.70073459184376e-05,0.000142036388512956,-0.000160182616600495,0.000342129867374332,0.00141974571149831,-5.971314248647e-05,-5.58235399427121e-05,-0.000178947911905478,-8.84883720612718e-05,-0.000121812640255157,6.84695777857197e-06,-2.73808002084202e-05,-8.38065211438827e-05,-0.000228646840254838,-0.000283339970850545,-0.000113854483206651,-0.000156976607011115,-0.000184913881672444,-0.000243472455698498,-3.2984140525257e-05,-3.06166266933507e-05,-2.29711757120169e-05,-1.95750811663945e-05,-0.000253576062346989,-0.000193431967567045,0.000285372165629884,-4.84622397264093e-05,0.000476694814099702,4.69341017805326e-05,2.73853129114849e-05,0.000910114336977907,0.0024504140798187,0.00559156495871075
"434.779",0,0,0,0,0,0,0,0,0,0,0,0,0,0,0.0566015111043199,0.00056214390749074,3.12047897500964e-05,0.000175630475493421,0.000480516202445325,0.0003456046053533,0.000291885245585732,0.000314842483491889,8.60800387553445e-06,0.00065624782440166,0.00153182639815835,0.000295293451621825,-1.91191389794718e-06,2.99758553601675e-05,-3.77759436820086e-05,-0.000127825608101892,0.000149244877756126,-0.000160667702380009,-0.000187004362461162,-0.000221963926830872,-9.46565307681127e-05,-0.000103316376287876,-0.00011650540532655,3.95611325939811e-05,3.75844917253554e-05,1.54529367825374e-06,9.40528151578152e-05,-6.29733248952412e-05,-7.45587294512348e-05,8.72491349164246e-06,0.000486158395891669,-1.57924786068555e-05,0.000482315009247547,0.000640705579625274,0.00099609974843603,-0.000308448073085048,0.000912970456397346,0.00352624849956547,0.00411929637244477
"439.393",0,0,0,0,0,0,0,0,0,0,0,0,0,0.061407241599142,0.00128428943195809,0.000273239661067955,0.000195016549434952,0.00040188483560204,3.10606589247154e-05,8.76029050088717e-05,5.85058728878776e-05,-0.000119548881296369,0.000137732762049626,0.000517334249921151,0.00183641747507414,0.000391156040418658,2.77957597795372e-05,-9.10134575892543e-05,0.000161257825508229,-0.000151919843398694,-3.32964606462434e-05,-0.000184003737490577,-0.000300413709072185,-8.72273830975069e-05,-0.00020549351794391,2.53447582927945e-05,-3.17523266153879e-05,-4.89119514691707e-05,-5.95427121454258e-05,0.000113558109714443,5.6656922241686e-05,-0.000126654331297843,-0.000253048876270744,0.000300588583671064,-0.000220114500502491,0.000613035327826024,0.000698912281642599,2.18908158948483e-06,-0.000127796658466308,0.000237255787366891,0.00238046998076006,0.00188952201733931,0.0095345505696093
"444.01",0,0,0,0,0,0,0,0,0,0,0,0,0.054214783991223,0.182258202044587,0.000360540090200379,0.000230271377042236,0.000150991336891879,0.000229533376719668,0.000196005460801021,0.000191484217656106,-6.80231460885193e-05,0.000172244234691315,0.000241920640839006,0.000893875909354074,0.0012421863919452,0.000508131781294548,5.17512944522372e-05,-4.00302638127209e-05,5.64345769231309e-05,-5.18194396729472e-05,1.5777639058159e-05,-8.51444867465314e-06,-4.52321997832944e-05,5.12697853688525e-05,-0.00016424634578795,-5.69134365476999e-05,1.17237054678685e-05,-0.000177521070494804,0.000133282503867553,-3.24466980170166e-05,-4.35793714982575e-05,0.000251126429127978,3.4012950316851e-05,0.000112865791735677,0.000222531868200799,-8.98837532218569e-05,7.04709943054244e-05,0.000269691744460095,0.000836702983214005,0.000834319744224793,0.00149319082668293,0.00216596431387294,0.00296505418588232
"448.63",0,0,0,0,0,0,0,0,0,0,0,0.0198834768509301,0.179087563382797,0.0029902199811941,0.000272708527919995,0.000184165434862237,0.000247904206886576,0.000231521334605892,-0.000204890034853582,0.000149438808119794,3.0521565908009e-05,0.000156077381758718,2.99361765031259e-06,0.000406789476321955,0.00142137594777946,0.000360668629515248,0.000102619201103786,0.000120453707518657,1.24517729078406e-05,0.000108899573527547,0.000281377964021166,4.22942894350776e-05,-6.8780442488241e-05,-4.5076626845906e-05,-8.79313241890581e-06,0.000188380648775395,-9.98369241038855e-06,0.000317579256183995,-7.40188044019403e-05,0.000159682898891665,3.20582048744946e-05,9.70861838843361e-05,0.000133601620130115,0.000356325298888168,0.000481612821784007,0.000363611031507283,0.000136910038724871,0.000674050573808513,0.000707351451170379,0.00137749945534938,0.000260951191034722,0.00303890174451478,0.00507823616245274
"453.253",0,0,0,0,0,0,0,0,0,0,0.00519387073193667,0.00069277969364219,0.0032443542095964,0.00180968535995504,0.000109802893795339,0.000170245693335038,0.000146127769875284,-2.84458114623142e-05,0.000225616027734891,3.44552726233382e-05,0.000216382065252726,0.000303689007517444,0.000237532657456734,0.000448654833946143,0.00107280952719702,0.00026882387726877,0.000135108631695834,0.000140243573781106,-5.72884177930095e-05,-8.917186477828e-05,4.47149963005068e-05,3.00227906202419e-05,-0.000252824097350419,5.84682221317951e-05,-1.53029525054549e-05,-0.00013831812111304,-6.56896836434881e-06,0.000144270061269141,2.79324615954453e-05,-0.000176521786792339,0.000150267853583554,-1.30812798411428e-05,-0.000180986104215745,-0.000176768338575625,-0.000211976294715785,0.000399504011089784,-0.000199657118250323,-0.000211671709503917,0.000477178899764888,0.00056510217939441,0.00164385241628789,0.00237003955433479,0.00627308290431994
"457.878",0,0,0,0,0,0,0,0,0,0.000253658443840621,0.0082841344374497,0.000169283163707215,0.0019842086489082,0.00169829142864151,0.000263847781290858,0.000356802551535946,0.000227251143847865,0.000174837548516962,0.000166689171035635,0.000307619314850213,0.000156526032733337,-0.000105572154463544,0.000298199333041288,0.00045561056589155,0.00107135863822796,0.00042325213749914,8.83407496096299e-05,1.85172512557829e-05,0.000155969991390677,7.72211799492747e-05,2.37196194660904e-05,-1.42488191127643e-05,0.000127407176196715,0.000169165932316083,5.38576517829888e-05,0.00011886261835211,0.000294565030025158,0.000347200678637292,0.000223572444321347,0.000360597263081143,0.000240528098859797,-2.71067332919895e-05,0.000688669349286275,0.000201505059212858,0.000478789695958995,0.000186733200190056,0.000994494283748553,0.00108313097700778,0.000788858471402777,0.00105298890923952,0.00313987695223259,0.00215876158747474,0.00899620868068335
"462.506",0,0,0,0,0,0,0,0,-3.21538643323627e-05,0.00870265069104531,-5.759437610322e-05,-0.000197988349276629,0.001587065903689,0.0011739250612792,2.65800861562499e-05,-3.95909105242257e-05,3.39314049406225e-05,-2.80804967320118e-05,1.13513955992185e-05,-7.29504753247973e-05,4.77291961167026e-05,-9.9434625060818e-05,-0.000137826935361408,6.70432340756468e-05,0.000704222033013515,0.000129256488186326,-0.00025226223077125,-0.000184883983644388,-5.33154631272305e-05,-0.000134452357464243,-0.000272412692101899,-9.2483329304391e-05,-0.000178009652427895,-2.30798229925111e-05,-0.000129012728254451,-3.17402426799641e-05,-0.000215713418709859,-6.6478549694721e-06,-0.000254845269236323,-4.7908736742246e-05,-0.000292566868210186,-0.000264538749962124,-0.000311532706517702,-1.60694738555784e-05,-0.000262370104512724,-0.000294680377944267,-0.000270641670367995,0.000300159340043868,-0.000569810613987566,-0.000856223669587421,-0.000862992364042752,-0.000163162210970474,-0.00745796561996567
"467.137",0,0,0,0,0,0,0,-2.71923204749336e-05,0.013126731092117,0.000239417445541575,0.000168166260507573,0.00021551882839264,0.00134560342061775,0.000995919354019252,0.000160889751737306,0.000125137837441889,0.000165441288584012,1.32050985154976e-05,0.000369707003735262,6.68226356913548e-05,-7.58864052556804e-05,6.68516092374779e-05,0.000146425933784054,0.000317496941070355,0.000682904890507408,0.000208883426950983,0.000143075529612048,6.23385563874156e-05,9.10629949528657e-05,0.000133465013115921,-7.40899201798537e-05,-0.000214445240993064,6.39373763537581e-05,-3.46203738788948e-05,0.000104426257202058,6.81924536133411e-05,0.000132492401396324,0.00010763309005643,0.000173495814683535,0.000189064115369183,8.17288508326164e-05,0.000175549041152059,-0.000145377474111286,0.000388529892390316,0.000175306997473395,0.000262027579674432,0.000390105019269897,-0.000325409626366789,0.00054251933461917,0.00133908675999444,0.000334060345808599,0.000948879418931932,0.00287664081352171
"471.771",0,0,0,0,0,0,-0.000238230327382544,0.00460139443781293,0.000383300402605521,-2.42909638460025e-05,-7.53810216624411e-05,0.000109796543515002,0.00118199565966188,0.00101476601016609,-6.52665310880495e-05,5.39780642279718e-05,-2.3364808305239e-05,7.65870889401789e-05,-0.000234884869102411,-0.000130124647533328,4.71584503589396e-05,-0.000150839383301429,-0.000201120522519409,2.94781681774014e-05,0.000542065923239657,2.14252568353849e-05,3.21666498206296e-06,-7.88293338348722e-05,-4.6442089316989e-05,-7.15851782313109e-05,-0.000284085447326194,-8.21016028197309e-05,-0.000206233035469976,-0.000262428218175427,-0.000187261286917417,-0.000181218543940327,-5.00967787144852e-05,-0.000184125568083937,-0.00017887457214689,-0.000198062475839244,-1.63356423188012e-05,-0.000291578734863,-0.000270377975165881,-6.74874192129882e-05,-0.000382981301939369,-0.000194860901297088,2.89837213699956e-05,-0.000409979938569686,-0.000118924496407078,-0.000137112597954852,-0.00179682129147585,-0.00211805547538888,0.000477392440125304
"476.407",0,0,0,0,0,0.026322751115457,0.00153997021630983,7.64363227388678e-05,0.000203399944154365,0.000206514342396191,0.000132539770740375,0.000192797206339764,0.00104198662706635,0.000799357632724964,0.000170035329056211,0.000213093343379871,0.000136778606339278,0.000336063589698577,0.000377894584998793,0.000211759815045922,0.000132150351479807,0.000172246314827347,7.71256536361448e-05,0.000280992401711978,0.00073559337284215,0.000423488767186104,0.000105697599023882,0.00011961287406638,0.00013926096911107,0.000266027662577039,0.000269063814077344,9.35183413193744e-05,-5.12047444928161e-05,-3.73557491410481e-05,5.74948233761987e-05,0.000282403899816558,0.000100636541707442,0.000137928729584575,0.000234389747217219,-2.31754690760085e-05,8.87161911093241e-05,0.000191486068324704,0.000300864967979514,0.000280276030424823,0.000225352165556885,0.000616359594904935,0.00101570216795684,0.000551534489387494,0.000401742394805806,0.000505217901664911,0.00253196826566466,0.00382700572201311,-0.0242247442856106
"481.047",0,0,0,0,0,0.00610034649131977,-0.000173706542145969,-6.39728543213648e-05,5.97165550063561e-05,-9.32578346103684e-05,-2.65702521454468e-05,7.44284314278224e-05,0.000864342020079866,0.000393546862929285,-0.00013231658827515,1.71929510726264e-05,0.000153125860375703,3.74217389351554e-05,0.000187577856268089,8.91728777113856e-05,0.000190816321707972,3.0559279084468e-05,8.66332204062634e-05,0.000128755186744115,0.000524803260228614,0.000151777399060146,-4.06822069532394e-05,0.000124973068254348,-3.44734953316139e-05,-5.68207213227244e-05,2.26955637479183e-05,-8.27231559793985e-06,-0.000153245692176753,-8.36669674653415e-05,1.83887520485326e-05,5.10159212115936e-05,-0.000113106887140621,0.000189849062048052,-4.3832558933403e-05,-6.24870371676987e-05,-0.00015892091842243,0.000127042523730734,9.51600960788091e-05,4.61206342939055e-05,0.000178370776954794,0.00017160058452261,-4.47019717479277e-05,-7.42888707364862e-05,-0.000821422508418032,0.000328398543995074,0.00200139350486107,0.000881506526691771,-0.072077424567887
"485.688",0,0,0,0,0.0295635563975651,-8.74191956317695e-07,6.44402097539868e-05,0.000123350195081662,0.000103283802197534,9.31799684942438e-05,0.000115329417125998,0.000381730202058158,0.000719524569828265,0.000563533036905232,0.000186480576457148,0.000154570986273137,0.000223985009033869,-2.79453680951045e-05,0.000418754600550365,0.000368371742649811,0.000226286706221428,0.000144415599799721,-0.000106599737046228,0.000396046678671781,0.000586669142269198,0.000148900121456332,0.000114206682722197,0.00029090637882421,8.74508671314664e-06,0.000102689627987495,5.65357131705156e-05,0.000200411053800318,6.27832996870697e-05,-2.87469603631136e-05,0.000204958891974927,2.55223913270694e-05,0.000146958852273293,-7.39553244576965e-05,0.000170725543086642,9.46053774749245e-05,8.01221373122357e-05,0.000236258567500994,0.000444133850037056,0.000387472211246374,0.000401784477837377,0.000513936350973921,0.000301929466487064,1.38443786859956e-06,0.000470013358570756,0.000242695490955853,0.000652619384907988,-0.00566153483686596,-0.0887642397816916
"490.333",0,0,0,0.00165362352111098,0.00051461015058356,0.000211494741624954,2.4722085999844e-06,0.000128804116039981,0.000188325794017488,3.68387041666463e-05,0.000120346128971309,0.000169550831761009,0.000657730396099237,0.000362587697570964,0.000240704505123557,6.03774232109692e-05,6.77859050740547e-05,2.55324521370986e-05,0.000110742564039508,0.0003794479165739,0.000127514797637536,0.00025568838792922,0.000167189858200752,0.000187142765388783,0.000526439947737213,0.000235427753482342,0.000102661210253803,-2.59811700145755e-05,0.000130284632764112,0.000159981509656475,2.56151786989048e-05,8.77741433564752e-05,3.43601843227435e-05,7.03809186304587e-05,0.000178101029887312,-5.66828934698718e-05,8.72726097069983e-05,0.000172856487639408,0.000193294813246086,8.33895625418945e-05,0.000143509376147519,7.32942484205892e-05,0.000230116955856158,0.000290891656448257,0.000448912520578674,0.000304698675331014,0.000612973138286067,-0.00067645685680592,4.46123803143736e-05,0.00124412081615357,0.000481127405876147,-0.0295742210088609,-0.0411695877201604
"494.979",0,0,-0.0254191063795969,-0.000522332090777903,0.000231410503380841,1.82495574382487e-05,-1.9798119813521e-05,3.01391102969511e-05,-4.93129564805188e-05,5.85199127971063e-05,-2.51623862760258e-06,1.14307160814316e-05,0.000475220313200603,0.000426768042601452,9.66376204961789e-06,0.00016106810358271,0.000157983532882759,-4.98569010592359e-05,0.000171327254510101,0.000119383841786776,2.84186690728123e-05,-7.71443857017749e-05,2.68913328041718e-05,4.20811655461299e-05,0.000269604893954174,0.000164050953801161,2.95681364170143e-05,6.43603450134574e-05,-0.000115581105179743,9.72284840349842e-05,0.000147147194652159,4.25888090650715e-05,0.000102845614519515,6.71328864365445e-05,0.0001690570696379,7.32976027083921e-05,0.000100509905772403,0.000155635828281386,0.000174813231081639,6.77226002615833e-05,-0.000121708937115814,5.40721404737382e-06,0.00038021398851931,0.000137623058733706,0.000284117035058432,0.000110088486768503,0.000156566635698576,0.000649746134739972,-0.000376866501910241,-0.000216415004267969,-0.00767102898453334,-0.0473873872908912,-0.00738895584262803
"499.629",0,0.00401052026778811,-0.000196979782424675,-3.1405427017295e-05,9.13448241225388e-05,5.84327869219268e-05,-4.5915911523225e-05,4.18861051012819e-05,1.28315543029958e-05,4.5315341926058e-05,8.61465315054412e-05,-3.15146608963781e-05,0.000505636586853608,0.000407365890494436,0.000191693415446831,0.000265329245474163,-5.98647457744628e-06,3.80565524846772e-05,7.03050876694008e-06,0.000140170102893005,0.00016912305246813,4.03176871721074e-05,-3.65075103414567e-05,0.000208470281384687,0.000261827195147118,0.00013946953078248,-9.29560931799833e-05,0.00011894848292973,-2.58764892753634e-05,0.000113720726773228,3.6587615959248e-05,-0.000165707092347354,-0.000181186239551638,-1.10984582817612e-05,8.43427151052761e-05,0.000145083454679369,6.32117724220441e-05,-0.000136491439647888,9.26462944858796e-05,0.0001257534973466,-6.22535091572667e-05,0.000321415642187633,0.00025923640534633,1.32164098059856e-05,-0.000340877526137623,0.000419754905536014,0.000737034966307817,0.00022944372981936,-0.000548975482897932,-0.000628414530548183,-0.0262791235228141,-0.0327260942779595,0.00267917837203582
"504.281",0.0144534901911387,0.000684203108594702,3.72777095036367e-05,-6.1948528931775e-05,-3.37229070854542e-05,4.3768696652214e-05,-0.000109782625693203,-3.78094171401624e-05,6.55602795528329e-05,-5.63102429092503e-05,-9.12278551450492e-05,1.13956747494568e-05,0.000199403975507476,0.000111380654345118,7.84539035528827e-05,-9.54522363218625e-05,-1.6300851077232e-05,0.000112069829125717,-0.000142609622237179,-0.000154553898147036,-0.000144487143326291,2.0238179418778e-05,-2.99130931160219e-05,-6.08882317417437e-05,0.000231771920101279,-7.96762224431531e-05,-0.000116569455572384,-2.88718714146138e-05,-2.01266826926895e-05,-0.000133549303024948,-7.87379313044883e-05,-4.20582020222024e-05,-6.51698502200827e-05,-1.7199497123967e-05,-0.000179875512772509,-7.55267727605382e-05,-2.6337961864038e-05,-1.75559804814215e-05,3.98031981814348e-06,0.000141596690188917,-0.000100420028779708,-7.19861355959259e-05,5.0199290224003e-05,-0.000338872249905835,-8.46991050532474e-05,-0.000743133196923365,-0.000380475438799172,2.54863017319328e-05,-0.00105222671413764,-0.0113183434677064,-0.0354580983766457,-0.00494118336699377,-0.00765113413843081
"508.936",-0.000494635979987969,0.000124238559420348,4.80886566728638e-05,0.000208529720393795,0.000233369640804488,0.000178848328611257,-3.41459644244224e-05,3.0105955827484e-05,7.83170848726467e-05,3.65300008264451e-05,0.000104992554381794,5.97541789849593e-05,0.000479606478224248,0.000241965890502651,3.81592890051647e-05,6.34758685645804e-05,4.14175568664108e-05,2.7776019789529e-05,6.42454550390675e-05,-2.8615042719546e-05,0.000168319797868634,8.98533388984815e-05,0.000225009184650969,0.000162917434352449,0.000227391355632348,0.00011511884595336,2.92525225703392e-05,-2.30090750451664e-05,1.42969992199468e-05,9.90289225981662e-05,0.000159756617063063,3.93005588352067e-05,0.000110254313290804,0.000161509880589223,0.000158575621873351,9.74215857827466e-05,9.2793371556378e-05,-0.000108175236370889,0.000459545300190609,0.000312777008732304,0.000221043491490921,5.86843202640339e-05,1.03132162210446e-05,-0.00195029144136191,0.000144664184755208,0.000394258482159632,5.71312692898042e-05,0.000208277850500187,-0.000179632219297704,-0.0287886833525436,-0.0271632845410252,0.000900931857761696,0.00557270832441336
"513.593",0.000259548646713123,0.000315956006622011,0.000338517571665607,0.000181968251173584,0.000120840615583072,-0.000120275701588153,4.97182571579569e-05,0.00014227161213921,4.62733543103898e-05,5.5570238764524e-05,0.000258589231035704,0.00014421001824335,0.000591169633500173,0.000108417708955241,0.000118999950010364,0.000187881250153318,0.000317666572981591,0.000116824446867363,0.000386703235154082,0.00022410609457941,0.000226644220289809,0.000281492083635927,0.00011511566110886,0.000279431665511721,0.000412803079264791,0.000193700897197688,0.000170373782926772,0.000223705604231652,0.000188196326599623,0.000180015031331134,0.00013654256994702,2.92785607246778e-06,9.00468257410813e-05,0.000346536812076242,1.8169272762324e-05,0.000112529318057818,0.000316119023181096,0.000423921654111958,0.000318305708350038,0.000397152304368624,0.000380800218878011,3.63420094060567e-05,0.000300469172483159,0.000375922373601595,0.000519994147468901,0.000500584409435673,0.00046230326624246,0.00069563773813575,-0.00348831357724209,-0.0439780088679747,-0.00396212873745538,0.00413439823498276,0.0104143502945674
"518.252",9.76731366883552e-06,-5.240032302507e-05,0.000141782420628598,-1.00096679462484e-05,1.2814428057953e-05,1.64503543061556e-05,-4.66865944841572e-05,7.31667347223405e-05,-7.21574074425489e-05,-1.28032462458525e-05,5.1820135950947e-05,0.000205046279527207,0.000426578987495322,0.000253307203080444,9.1946274460449e-05,-3.25372190227299e-05,-2.81896093228654e-06,-7.00959898939323e-05,3.22619454372076e-06,0.000145149512422979,4.51269892577675e-05,4.29279077997321e-05,0.000104747157677647,0.000271671192706638,0.000156024627983679,0.00010206422354671,1.15190429906041e-05,0.000114241051161955,-2.26458529344497e-05,2.53219838235104e-05,-3.59063479291288e-05,-1.65878817702116e-05,0.000167748954057578,6.25498640106386e-05,-5.02198326306392e-05,0.000155295956187941,0.000117942830983984,2.75454301913112e-05,6.559747835231e-05,-8.11221173767166e-05,-4.50108441762114e-05,4.47723280367286e-05,0.000249908349984547,0.000246091475416426,0.000484732472906126,0.000216238467833089,-0.000166077820806848,-0.000613916863751472,-0.014105137858904,-0.0323679789098004,0.000844014915806494,0.00156188632894028,0.00865074292350461
"522.914",0.000152631142052099,-3.73946034840173e-05,-0.000116376734988385,3.92196182760234e-05,6.62361118461029e-05,-1.97603718916128e-05,-1.7057112416713e-05,-0.000107967531997537,-1.84646877114732e-05,-0.000112269423550914,2.75857041297047e-05,4.06730169475802e-05,0.000234841972994213,0.000100089500607315,1.95298038696971e-05,3.83984814044042e-05,3.74779479966597e-05,-4.85372996721111e-05,-9.96373629918658e-06,-6.32941612079452e-05,-0.000193180174838207,-1.31614543491109e-05,6.50303633592487e-06,5.97198439001e-05,9.2557888986159e-05,0.000122015025803997,2.0138570473216e-05,5.39673381763424e-05,-9.29905670976519e-05,-5.55260981951576e-05,0.000104735216178455,0.000118443632637896,8.53114524275304e-06,4.53775173852773e-05,4.70022496255975e-05,2.48610555722395e-05,2.95542449459566e-05,-9.94471209462953e-05,0.000105018449888202,1.56664175979836e-05,0.000160013686604846,9.76541487836395e-05,0.000214935957460246,-0.000204234378737714,0.000252056646293597,-3.96644914928612e-06,5.73486460066159e-05,-0.00229151613376316,-0.0261525707301799,-0.0109436742046241,0.000741972968014606,0.00142961592298199,0.00545395941894776
"527.579",0.000152321707630389,0.000165017412189433,0.000144121016958857,0.000155900033027496,0.000130504641909999,0.000139780377053233,6.22447000962871e-05,4.63101001138798e-05,7.16003451288503e-05,0.000169091798888932,0.000228471243445862,0.000247653967088457,0.000276225860556666,0.000336182409295654,0.000110333251674022,7.36790965893149e-05,-5.68974061874547e-06,0.000145812546206665,4.31577170670233e-05,0.000165278018086715,0.000217280443769153,-6.410843386094e-06,0.000240839512573676,0.000188360540781303,0.000241378056320116,0.000266792470211332,0.000151412180064884,0.000161715693938617,0.000186188126042748,0.000189219090233306,0.000101983604488114,-2.45708714086896e-05,0.000122218273974554,3.43002341157955e-05,7.36939367930739e-05,0.000188596002976171,0.000345345208829833,0.000120475969756941,0.0002895749782533,0.00024642455646574,0.000434271992204935,0.000266016900495938,-3.84172131244387e-05,0.000190042359224912,0.000438951274259621,0.000262813885911213,0.000370600621575497,-0.00907635120057107,-0.0252941333734364,-0.000791328300216117,0.000559678390150924,0.00131546282012345,0.00892042975110602
"532.245",-6.57163053676492e-05,6.08634017368006e-05,1.97306546075417e-06,0.000190262851102386,0.000165660652901234,8.66458524874286e-05,4.01681447007042e-05,8.45081461372381e-05,4.94036384948302e-05,1.83754474717599e-05,0.000117261772739994,5.77587573562417e-05,0.0002039067706637,0.000216660407134602,0.000107562121553617,4.08697764453659e-05,0.000216264677017722,0.000221766951975292,8.65576595105346e-05,0.000334343905054803,0.000162223816007081,0.000278619686540081,0.000309222082991488,0.000219985932395115,0.000170049329487306,0.000339480363578813,-6.85124108743808e-05,0.000198666956683519,-2.25051855251194e-05,0.000147531289822209,0.000192885714164757,0.000173525159730897,0.000166785374621181,7.95668234283771e-05,2.95604894117272e-05,3.11420056408202e-05,0.000234617530656485,0.000226990926714885,0.000119570344824102,0.00011948669215816,0.000299792969391157,0.000256799578123168,0.000555432196922979,3.53570849152519e-05,0.000170536847797211,0.000375947814310151,-0.00152489180595197,-0.0164999940163721,-0.0101793054195988,-0.00015765664779968,0.00135616149252352,0.00390605379163659,0.0134402185445012
"536.915",0.000180160617486054,8.6993517831661e-05,0.00027851015298827,9.24367259837549e-05,0.000186394850047544,8.73599771718621e-05,7.59944723914036e-05,7.32900771540729e-05,7.49981901146998e-05,-8.04424376494219e-05,4.98235261525825e-05,0.000262456699186027,0.000343859367015645,0.000301783036705991,0.000183499110336824,0.000121045768713561,0.000127962909452305,-6.13393994494815e-05,0.000352437281506466,0.00034428607419688,0.000100867933191274,0.000333699504884207,0.000105102184572051,0.000237593611446751,0.000231531531174562,5.26928335213074e-05,3.02556491638551e-06,0.000183272602221561,9.10725181812903e-05,0.000165515732028523,0.000180677770651111,7.22210763097844e-05,0.000196255719150633,0.000240146784104881,-0.000142070854100393,0.000246069484446795,0.000210202267237582,1.37745843649445e-05,0.000233584806108641,0.000108461790508618,0.000239945304628621,0.000191947655309293,0.000339367624188303,0.00056215829683929,0.000230913213446413,0.000739763671625905,-0.00890948303297701,-0.0156730131003088,-0.000341493617706265,0.00207912353689199,0.0015358321112933,0.000734598411372862,0.00862277773268156
"541.586",-0.000208573514204074,-0.000119023999766479,-0.000101346826672355,-0.000258275638123067,-6.04251131870312e-05,-0.000123365151437129,-0.000190129745910436,-8.40695430540468e-05,0.000149308172609427,-0.000105475514140863,-1.07247752824113e-05,-5.81313904809988e-06,3.26514035535577e-05,-0.000148197995827307,-0.000154610319683922,-0.000211260917451584,8.91302524834726e-06,-0.000300369800897845,-7.45284894911951e-05,-0.000165185746695982,-3.16526299661046e-05,2.02156293642025e-05,9.30583593748938e-05,1.19476956773342e-07,-1.20294740691746e-05,-1.77217039747624e-05,-2.02328490328695e-05,-4.62007229282756e-05,2.30708148926985e-05,-0.000207100194809788,-5.50591666527677e-06,7.6023051997652e-05,-0.000124532878764312,-0.000242517291365026,-5.06843270405784e-05,6.31937190301856e-05,0.000186180963105294,-4.55072049655286e-05,-1.46003970093557e-05,-6.65165638359442e-05,-8.71462457783893e-05,-7.15935427353897e-05,-0.000148063112761916,-0.000102984882533794,-0.000113701537910601,-0.00151713076155522,-0.0138270700625191,-0.00842511505004637,0.000205903861668856,0.00018636648892884,9.98153074581662e-05,0.00222635636132325,-0.0026363958306352
"546.26",6.56601848763421e-05,0.00012235601995474,0.000148670588481056,3.12730146569374e-05,0.000104265993941731,7.94885086083137e-05,0.000125722144376287,7.19479204153205e-06,7.31885136126854e-05,3.11128956177655e-06,0.000226336081417266,6.61123822622559e-05,0.000200451294811123,0.000128711585325144,2.82571089437037e-05,0.000111858715053074,6.50216252805728e-05,2.80669877960201e-05,2.38116601424968e-05,0.000176881034507097,0.00017707114748306,0.000110882094481791,7.00889187540186e-05,0.000225744906111235,0.000146896811911938,0.00012500653829388,4.68908727839207e-05,0.000101899719486252,0.000110066318650219,-1.71300490176386e-05,0.000237504141036593,0.000141329395361193,0.000122678690582048,8.1554492740253e-05,4.82763020791534e-05,5.39131202494213e-05,0.000210740627997907,0.000112823913049837,0.000115064017186966,0.000241012280644688,3.34332680344726e-05,0.000204418912881853,0.000131123811200423,0.000522579942151139,0.000288100308459696,-0.00594794243343966,-0.0142229256134274,-0.000841662321996837,0.000151462633616475,-0.000117463735460829,0.00121259830840761,0.00346940993962473,0.00621085154356407
"550.936",0.000166884971744525,0.000175797432138582,0.000122179502787933,7.90572877009453e-05,8.82903485766387e-05,3.44680085157754e-05,0.000109273833590325,0.000156846485149341,0.000119589170606036,0.000117818421130901,0.000182071816572732,4.63446251458732e-05,0.000325579671168063,0.00024463254021491,0.000145402110963272,0.000104256543198071,0.000199703932654701,0.000335974063588529,0.000209922111277288,9.46609016734318e-05,2.85477717600234e-05,2.7039693667953e-05,0.000175112754282831,0.000100642382155132,0.000308396276326046,0.00018602573663523,0.000188841319394894,4.9870596285452e-05,5.252369634996e-05,0.000241673885031993,0.000150988780522703,0.00023360135367434,9.77544841689509e-05,0.000245920498335958,5.15845950554184e-05,0.000181914774251259,0.000188641517211981,0.000199172647752018,0.000190811095204639,0.000310729510756214,0.000322393586866456,0.000385235146811857,0.000179047913884006,0.00016069079037259,-0.000319823181699156,-0.00955710662955281,-0.00502656136490086,0.000569402501616555,0.000273433342217841,0.00175475637891001,0.00339074725119869,0.00329646779006048,0.0080603053123751
"555.615",-3.83387479615643e-05,3.73434258811445e-05,0.000259571638541421,0.00027421831279239,0.000108006253850242,0.000115953415636585,0.000126385617522385,-7.62039314710326e-06,7.7911674728111e-05,0.000105163416357236,0.000216418376269186,0.000139328190797682,0.000320009978892332,0.000247923331896217,9.42404706666875e-05,9.30998475986628e-05,0.000134295590132421,7.8525604895064e-05,0.000220564324840919,0.000400794564864841,7.02615154738118e-06,3.05012057140148e-05,0.000232632374297017,0.000279800082421067,0.000376685945623039,0.000375442128204037,0.000162444316586544,0.000173268195572443,4.38183845268545e-05,0.000288154418020591,0.000134058973125541,0.000116891092361038,0.000169745821922132,0.000193579545922462,0.000316326182336094,0.00031642278826781,0.000185287868029285,0.000313283359414522,0.000288555164313207,0.000147490508409645,0.000208239580711397,0.000431767824369711,0.000240481809386428,0.000138416244572457,-0.00507412229946937,-0.00991211246690424,0.000157832566098005,0.000775876736346638,0.000111234356269352,0.00182834600778994,0.00330786619886774,0.00359782729984518,0.0084655358935745
"560.296",0.000143006282881217,0.00010094798665948,0.000349531160365702,0.000163270140388555,7.98292156675406e-05,0.000203843129259827,0.000203644430450168,0.000158352292178863,0.00011609067124978,0.000125502644067768,3.66174714721018e-05,6.41022073685622e-05,0.000269840449876206,0.000130448667281984,1.15467859512925e-05,0.000102154558959522,0.000104819307590597,0.000173753032357417,0.000214696549989658,9.78125679560458e-08,0.000272724932377158,0.000115854053993535,0.00026743418616549,0.000251688259623519,0.000242016271079928,0.000250360665460552,0.000190068782675616,0.000242019014953196,0.000223066752973205,0.000176540847940773,2.57480272717489e-05,0.000191895034703722,0.000219685486650559,0.000206318838782775,0.000155713406198496,0.000263393763404452,0.000291439682070216,0.000225301822211179,0.00026329540735551,0.00018849098681867,0.000469616286772917,0.000361282928939989,0.000227225492917419,4.38968112509656e-05,-0.00943781047274431,-0.0046313001960171,0.00122600016740669,0.00069154652569852,0.00113034929099764,0.000611263828735671,0.00217882172514771,0.00453810835937442,0.00948942212050028
"564.979",-0.000303012981337904,-0.000155891162937777,-0.000211281710063301,7.6966595562194e-05,-4.50328491066337e-05,-3.93077989286625e-05,9.71639999009562e-06,-5.9501617641742e-05,1.71687734772805e-05,-6.00558635127676e-05,-2.95916543952884e-05,-0.000161767474434366,3.36442991502032e-05,4.18856295954073e-05,-1.74131152739614e-05,-3.73117075882958e-05,-6.00350328138455e-06,-0.000105199371869498,-0.00011181267828508,-9.23552912410063e-05,-0.000238988769285008,-1.38362597548871e-05,-9.57524880841513e-05,-2.63897749531245e-05,-8.09896604891242e-08,-8.54459158082244e-05,3.2964502045239e-05,3.5670626167161e-05,0.000130270341449068,2.91778553226033e-05,-0.000124380548101499,-5.21992542549533e-05,-2.04396611941299e-05,-2.07666964773568e-05,8.00763009617442e-05,-1.6050529698465e-05,-0.000297499362648983,-1.80226894031552e-05,-0.000151987364713855,0.000170045695910102,9.11353400958195e-05,-1.56139347755613e-05,-0.000240591645862713,-0.00325479942526679,-0.0123814435656606,-0.00131505470505082,0.000207691230336286,-0.000494253313563606,-0.00114611540266009,0.000263146296295869,-0.00134310024414,0.00119230425858463,-0.00105949653929522
"569.664",-2.66032388585589e-05,0.000213625716684595,-4.9281838886444e-05,1.30906131638687e-05,6.6779424978184e-05,2.00463606205353e-05,0.000195613427173554,3.62964290982564e-05,0.000108689475768031,6.49126811904614e-05,6.45271522895532e-05,4.44179115086793e-05,0.000499259519947286,0.000367612415753122,0.000116614805552474,0.000210401493997211,0.00016457010072551,0.000115649476650557,0.000320273118963026,0.0002196869528962,5.84024632819586e-05,0.000305006265722701,0.000165199629631075,0.000335457136576052,0.000469752732468205,0.000162799143104598,0.00030488728743762,0.00015300518534146,0.000137283841995262,0.000200038499574705,0.000174725377535478,0.000131081111889823,0.000158804942828645,0.000147068312507,0.000189594021728785,0.000362385161679754,0.000244507955685891,1.81012040452004e-05,0.000153396840133137,0.000252670406375904,0.000214272814365675,0.000149051795162103,0.0001687254239955,-0.00693343884002004,-0.00587072004207496,0.000172064096168218,0.00049249961003611,0.00131476882150943,0.00114660915544524,0.00149826076151946,0.0019150653801434,0.00406435138697743,0.00845779807869442
"574.351",-7.80797420536609e-05,0.000219139302239523,0.000301028720661601,0.000104661241786928,0.000201172774551009,-5.08925233419256e-05,2.41492481892829e-05,1.74311361460143e-05,2.54281695890937e-05,7.90203387937602e-05,0.00012021332363298,0.000128518692379012,0.000105670027141522,1.52160912947163e-05,-2.34986364716703e-05,0.000235422418423903,2.76928064156069e-05,2.91331929218765e-05,0.000102845461486708,1.49231736622472e-05,0.000246472914697115,0.000160715690751754,0.000256941052477154,0.000204268989897658,0.000260581569844119,0.000148681242034765,0.000203959967050749,0.000145096824779818,0.000234609322910727,0.000341087327111272,4.99348825750644e-05,0.00024075526257524,0.000115519587963824,0.000326153688916685,0.000106405155584847,0.000138321209564823,0.000371673366738226,0.000381071068802487,0.000169984540177573,-8.55306076636364e-05,0.00024314342048252,8.90307340419274e-05,-0.00205321450707342,-0.0101064891238724,-0.00194290043248162,0.000326084364931991,0.000827917755591778,0.000770744534531576,0.000224572020857496,0.00141142015598788,0.00124121857774783,-0.00167054414670202,0.0103890544938123
"579.04",0.000392562925982341,1.82734927649377e-05,0.000169143672124881,2.94407710237669e-05,-1.85247367879577e-05,5.43333558578117e-05,7.87183364833585e-05,9.98850827380264e-05,7.70989606163659e-05,8.42744072701894e-05,0.000108640218569947,0.000168854206961011,0.000275989319387276,0.000309701909652057,0.000216557854041797,-7.9158238210778e-05,0.000139638017199135,0.000176532754578573,5.38026911180981e-05,-1.51020245145427e-05,0.000118790814130244,0.000260904435644978,0.000150704164304663,0.000378515958152127,0.000218275736514429,5.59812879035809e-05,0.0003226431657723,0.00015260282556292,0.000127454140617356,0.000203571452420874,0.000139328665512495,0.000231159910851185,0.000305003475070378,9.4504151816867e-06,0.00010102060165475,-3.29523378169276e-06,0.000133314327643876,0.000203570842477545,0.000299898429067019,2.63308474247814e-05,0.000342909105004608,-0.000138522095414639,-0.00663451043449928,-0.00599905333190796,0.000238553838258723,0.000958298998845191,0.000893659536275947,0.00108532752184291,0.00116533233620488,0.00180161884038983,0.00339391675810955,0.0038989467507289,0.00948943774893577
"583.732",0.000134729303671059,0.00030178205149759,0.000114878411532594,8.02848191499058e-05,7.51257331433786e-05,9.57169047597051e-05,0.000103258030162108,5.18926757015603e-05,0.000135298294932686,0.000155896301442621,2.28391820356439e-05,0.000106184702790823,0.000403989445140504,0.000240721828886281,7.16568737226003e-05,4.43242780343249e-05,5.31627835904636e-05,0.000210596464169428,0.000183895228091069,0.000213403313129461,0.000366278056260687,0.00019171855464964,0.00020097482508066,0.000176922490081011,0.000151844384078392,0.000263714485276243,4.63866791950018e-05,4.91671028523165e-05,0.00027809168302564,0.000180854862324129,0.000292465753456446,0.000244689022332732,3.03619597548427e-05,0.000205741937726374,7.97881472696228e-05,0.000394860883250654,0.000367101184311468,0.000376524732591233,0.00043196338922413,0.000223108338138044,0.000154295959058953,-0.00153780430011465,-0.00833036302157451,-0.00178360527649688,0.000518485409128727,0.000545593354158085,0.000526355720988609,0.000762657889719409,0.000757444982255892,0.00181110033919007,0.00258231367070104,0.00254268771312252,0.00833435592921844
"588.426",0.000302987607740114,0.000425030835473996,0.000298035636400865,0.000403956644349232,0.000120698675464168,7.04663924622889e-05,0.000151958583621873,6.66584399485655e-05,5.20321685908727e-05,6.91213943287279e-05,0.000191706065384595,0.00017385689302403,0.000460014264414373,0.000198530309587098,5.70265896587454e-05,0.00026690357142498,0.000266712544441329,0.000261209976740217,0.000521575263641426,0.000191436161606099,0.000409343872921435,0.000303049924980581,0.000184316003341848,0.00031466893001436,0.000337574080775818,0.000217990615033706,0.000354184310415086,0.000219312836386799,0.000270195721844768,0.000412007225501786,0.000164951453382728,0.000224761630267102,0.000275370907213857,0.000376247879087591,0.000345470847506499,0.000279011242043025,0.0002765527968925,0.000531239482277571,0.000205685011937779,0.000459529600929457,-0.00011507011913058,-0.00496098677968372,-0.00526096876481764,0.000361338887429006,0.000631811161166052,0.000490089861665575,0.00105890346217294,0.000971548894009844,0.0023411078885148,0.00251825964014582,0.00244438489510512,0.00633872229718884,0.0101444976735757
"593.121",-0.000174781709310692,-0.000194687139836597,-6.38193001461108e-05,-4.1594191649084e-05,-0.000152940192800436,8.1692104461913e-05,-3.83910003154309e-05,4.53170319280213e-05,7.03448835275162e-05,3.24312526489161e-05,0.000190078164516103,0.00010115011919311,-2.53049259039514e-09,0.000305476556980407,-7.53536703035243e-05,-0.0001162625571246,2.20820849593789e-05,7.96580483392448e-05,-0.000112893020249345,-2.3110486834019e-05,0.000147185090771911,0.00022585008081093,1.43445119988946e-05,0.000223278647869122,-6.50804245268415e-05,0.000120526598084988,-5.94242700776514e-05,-8.38664036124711e-05,0.000178972939848894,7.0070103772311e-05,0.000132565080948645,6.32958795258505e-05,0.000115473126230993,0.000278997556215839,0.000144777521844462,-6.0707625300595e-05,0.000142738011317819,0.000391352613572533,-6.17816437584167e-05,1.12806514395267e-05,-0.00116764950041098,-0.00821157385017941,-0.00180078344364035,0.000148243997461639,0.000522667859897228,0.000716974409146785,0.000800576473519728,0.00042486067952157,0.000373031028941721,0.00133005416635431,0.00121807218955854,0.00309972589342351,0.00862873791611338
"597.819",-0.000184817838555274,-5.01443594700356e-05,-0.000250063838608912,-4.85695265915321e-05,-3.54820009284641e-05,-6.95393019224072e-05,7.89604260049541e-05,-2.54314706806261e-05,-0.000105248010829632,7.01504317033184e-06,5.68770530689619e-05,-2.77386006898792e-05,0.000160373625823995,5.95746964859343e-05,8.79523804244806e-05,4.48793689946807e-05,3.17240172271641e-05,6.6699887625911e-05,5.12079847835478e-05,-0.000100705878533027,0.000106284127801222,0.000162273347854671,0.000103789091759036,-0.000110689363350227,5.57239221029103e-05,-9.89236673147092e-05,0.000197875114380657,5.30004864370413e-05,0.000263804873783584,0.000128665346358895,0.000157656149030166,8.78725078384267e-05,7.93689355335021e-05,-9.35284142635915e-05,-6.14862098352023e-05,2.02458113916695e-05,0.000136081548282385,-1.07312165377656e-05,-0.000173516931072308,-3.44535149901233e-05,-0.00359160622285787,-0.0057347568694382,0.000335747184756252,0.000502721493591093,0.000376861095347212,0.000407106356286692,0.000251110635975063,-0.000164964662299996,0.00022978440511924,0.00041769311163,0.00122007319414433,0.00230748850334055,0.00585859656786395
"602.519",-2.12191217265527e-05,0.000311505378390002,-0.000115744807458742,0.000125788816052083,0.000240535761890049,5.89369929444687e-05,7.14609788552219e-05,8.82205681398052e-05,4.27400639526057e-05,2.33361394103842e-06,0.000158885907339474,3.72813380188837e-05,0.000271556182015367,0.000268683787666171,0.000186506009937508,-4.52143609425536e-05,0.000198226633235264,0.000158288770431209,3.32874461497078e-05,0.000288850227745523,0.00016453268253334,0.000218154660865633,9.38569518525722e-05,0.000205489580650847,0.000324124921795181,7.37883987653797e-05,6.64854335841633e-05,0.000361958789556777,0.000234711278210007,0.000117190187604429,0.000308595421614161,0.000207778180785253,0.00018187868469118,8.79860920018601e-05,0.000169608693803929,0.0001131158926133,5.78836434017956e-05,9.62670985846405e-05,0.000202813843811207,0.000380628012302181,-0.00626661213522213,-0.00191397710820535,0.000563639317589278,0.000426728687876599,0.000678988168872985,0.000528027761593124,0.000820995455298578,0.000631064061443949,-5.7092726888524e-05,0.00127464335273868,0.00272347128433324,0.00268820262519779,0.00805094743414083
"607.221",-0.000133816750152016,-0.000426533822523312,-0.000114503134583134,-0.000341246173360403,-0.000257568555830246,-0.000159543913063535,-0.000265875649672636,-5.6173859482371e-06,6.37911206772695e-05,-0.000116126025290841,-9.98767434826048e-05,-3.76566163844775e-05,-4.5667645200581e-05,-8.92893536846989e-05,-0.000166630266008096,1.52060343296757e-05,-0.000228988915648664,-3.48432619987119e-06,-0.000234718257779486,-6.69921876319099e-05,4.23782141903706e-05,-4.7610028878621e-05,-3.64565210958782e-05,9.472885462962e-05,2.66489233153526e-05,-2.92566610258435e-05,-7.67771966750643e-05,-5.71919921225087e-05,-4.73924256005989e-05,-0.000115264419382502,9.24420032720006e-06,-0.000215785089619976,-6.24446013192392e-05,-0.000323345742678153,7.25027888679673e-05,-1.75613737872472e-07,-2.15686717417855e-05,-1.01965251038075e-05,-0.000208516647602075,-0.00186035088789614,-0.00524129727218628,-0.000327287604635045,-0.000210955225458471,0.000193614509671424,0.00023366645929529,-2.12713511858788e-05,0.000120540087140603,-0.000351725114933119,-1.52676016046455e-05,5.6703923267545e-05,0.000403837247883692,0.00068238667039058,0.00681603758853973
"611.924",0.000647856956168893,0.000345954213790805,0.000412747466360212,0.00046219759080085,0.000269109043615845,0.000158467691048548,0.000326765644265394,0.00014238069842423,0.000203633213944129,0.000133972312185664,0.000305183497518879,0.000262841018353531,0.000418273678215957,0.000312331897849231,0.000286596758518961,0.000286370692215281,0.000166142738429389,0.000408323772769499,0.000451197677634572,0.000417641489388496,0.000460004645797628,0.000236897211709786,0.00028318823256633,0.000386918136891688,0.00058268014569418,0.000399502494309713,0.000454926781736445,0.000445618248658213,0.000398412287520586,0.000282942264811026,0.000535343453330729,0.000429350729026909,0.000345453221105363,0.000425891956152614,0.000401428849470548,0.000513083363445096,0.000398290150647681,0.000533403374807614,-0.000276299981735353,-0.00474521859296984,-0.00140891406476594,0.000561625337426116,0.00080456085015024,0.000716488313622496,0.00085183408480387,0.000947708065848863,0.00147311976264894,0.00115150991054752,0.00198207381581082,0.00335741271785778,0.00545833560324204,0.0056327291603441,0.017779572661144
"616.63",-0.000207586635797849,-0.000107589294061411,-0.000180991768694823,-0.000259763256976626,-0.000198675295489381,-6.06224986145166e-05,-0.000191562711823167,-6.63209190825406e-05,-5.46167236462751e-05,-7.74275273552796e-05,-2.41410943214728e-05,-3.52085451624852e-05,-0.000199814332701795,-0.000244183639677112,6.25016328192578e-06,-9.35306444932725e-05,-7.24297913605915e-05,-0.000107737742975705,0.000163276486528502,-0.00020514006268157,0.000145772696367739,-2.26674376259034e-05,-0.000264311031293559,-0.000208269954937287,0.000122536084898222,0.00011902782731121,-9.92293784271339e-06,-7.13108674872766e-05,-9.026810616482e-05,-0.000146212845793291,-1.26331223819061e-05,2.96563727728212e-06,-0.000111345378558311,-5.17534371214578e-05,6.04897999925416e-05,8.84448847754061e-05,0.000108756124125489,-0.000202404979271229,-0.00298773283107582,-0.00594575843372958,-0.000439614015418622,-4.40211159154475e-05,-0.000365908868464144,5.90003246203148e-05,0.000156261560697587,-6.34988486944606e-05,0.000570472772898293,-0.000467788684936168,-0.00011999498294037,7.89471860677902e-05,0.000496845492913564,-0.00127445706414574,0.00058108710677539
"621.338",0.000111894701940455,0.000465912127080089,0.000277198664269265,0.000368403098100872,0.000191293708702278,0.000141875562978338,7.84234335060807e-05,0.000128071459277482,0.000241370924652734,0.00015849953597391,0.000146036291453993,0.000264604606419239,0.000359134334844231,0.000216576850681632,0.000241197623830066,0.000263729635487779,0.000540831201219844,0.000234283912935463,0.00033327727662474,0.000218748025282525,6.35674806066227e-05,0.000260262570912822,0.000453391625259691,0.000499075600211567,0.000212841880357134,0.00040082586423599,0.000216916133032022,0.000307050945561111,0.000305244721402155,0.00038437305002259,0.000415435589778032,0.000142770625466764,0.000393480520352393,0.000143591951787806,0.000304258315605941,4.33850928073459e-05,0.000301223556815819,-0.000268793642698977,-0.00655272311223715,-0.00229484145310758,0.000237110494397595,0.000352934239289375,0.000914790130155515,0.000714475704503321,0.00103479111809532,0.00104679855211728,0.000831137624303133,0.00150017901802119,0.00112080055970638,0.00238037959685332,0.00249527306651572,0.00517458350476637,0.0147774287599744
"626.047",-0.000322598757417479,-0.000253638409730095,-0.000330572748260442,-0.000115208288795811,7.13899117954705e-05,-3.11419222187319e-05,-7.9287534174796e-05,5.78230589325241e-05,-2.99475209733098e-05,-0.000160022456416913,-0.000101017304199078,-3.91248772125459e-05,8.47026078525945e-05,-7.9497907483977e-05,-0.000102560623520892,-0.000193247555565513,1.69284415342805e-05,-3.50953391103936e-05,1.15882002557256e-05,-0.000274012575020668,8.03218566779712e-05,-1.12748844877968e-05,-5.67191890053604e-05,6.58283913851378e-05,1.39190403043946e-05,-0.000138059711028373,-2.99071500791491e-05,0.000102417257212713,-2.62310571440426e-05,9.37999127618284e-05,9.9310231570352e-05,6.41245141056332e-05,0.000164974582322289,4.30711888331778e-05,5.52502651154774e-05,-0.000235632847498762,-8.9400548111149e-05,-0.00260970200983841,-0.0073030997658336,-0.000468492334730934,-0.000170165307604842,0.000109434354701753,0.00019436162009839,6.03554061815448e-05,-0.000369037998590969,0.000100014659288235,-0.000372121024415848,4.96044224313959e-05,-0.000270356222558961,-0.000382807782206322,0.000782456674546342,-0.00142478691638596,-0.00327150741954128
"630.758",0.000228975129160268,0.000310589553479792,0.000116410143018717,2.58003284514988e-05,0.000264407592675664,2.56321935397633e-05,3.04699940471943e-05,3.51572826649841e-05,8.430635363992e-05,0.00012442321418806,5.52118166252906e-05,0.000105375963357471,-4.45174287594287e-05,0.000308054769210364,0.000155505929366467,0.000249644871209318,0.000132057280394216,0.000139170605454208,0.000351854311929948,0.000421812401111811,0.00038102461629063,1.92486909660296e-05,0.000367106972290556,0.000155002546147351,0.00017162932615518,0.000252125305959632,0.000214805306902245,0.000253262486387735,0.000285090493742588,0.000254903097951657,0.000113157566077091,0.000168135933540175,0.000173063113682832,0.00018977429099714,0.000166338801141031,-4.5734194380671e-05,0.000100252783404646,-0.00611310394642594,-0.00319758365300213,0.000349340289132581,0.000381250987626374,0.000317927588581861,0.000442988786542092,0.000113340445315514,0.000833482687459352,0.000553233181219884,0.000659067759522825,0.000444522029405896,0.00105300570465302,0.00216525898200656,0.00148728523646443,0.00365920317739592,0.0039927798457837
"635.471",0.000168597442105254,0.000342711905213743,9.32461242480766e-05,0.00023012560955272,-7.94585167490821e-05,0.000154801838042401,7.42517980001377e-05,0.0001120118593809,2.1480805397588e-06,5.26493067894296e-05,0.000161309856203229,0.000129400027261192,0.000300263299685921,0.000290183784426569,0.000290418450324927,0.000212918751543591,9.55080383641976e-05,0.00016534477727542,0.000456944860506525,0.000162457699021843,0.000216403282935751,0.000356785828598865,0.000273593744662203,0.000260302574553506,0.000240062461313763,0.000182060853567672,0.000446307759386187,0.000429962772670279,0.00042755669103091,0.000319606792201994,2.60245271386544e-05,0.000120655662835668,0.000345326687145837,0.000268784271654285,0.000219971120806411,0.00021353147580002,-0.00191333940350579,-0.00621965845876282,-0.000289806066116675,0.000292338937643233,0.00057841962476854,0.000550692467248605,0.000259790921169089,0.000527660542417131,0.000475994425798585,0.00101606399170718,0.000379317160932896,0.000933258946277598,0.00176824352276645,0.00143861341044921,0.00168557975676264,0.00537353927269152,0.00931224044504763
"640.186",0.000308882335951517,0.000120960200939187,3.51451400354715e-05,0.000325552946624467,8.92728914373656e-05,-3.14640049579667e-05,0.000192497170432015,3.75254627971422e-05,5.67758629112384e-05,0.000155760376041473,0.000119846923647374,0.000355746700031498,0.000366540205095391,0.00013180051032935,0.000120971275593614,8.07232185661974e-05,0.000177696925599137,-5.77788232413153e-05,7.09270694324926e-05,0.000179335781856237,0.000204488611316206,0.000314827257178642,0.00013497505591415,0.000346257094405447,0.000314501397034355,0.000278364673127725,0.000148894768433817,4.69980236525646e-05,0.000217429631709131,8.24118736463038e-05,0.000173067594577774,0.000101077216863616,9.87170342319521e-05,0.000380239759169292,0.000342457613579785,-9.13280825392696e-05,-0.00397628954877636,-0.00324211203037504,0.000202282888696765,0.000374293759295457,0.000345318242378991,0.00043642176174742,0.000357212469806549,0.000120905663906228,0.00118158236669853,0.00100826670316129,0.00114003118967104,0.0014819032369786,0.00112310971695517,0.00191198022575171,0.00176947935589565,0.00300960328841468,0.00877646247341524
"644.903",0.00021386800634443,0.00043026362033132,6.34809632132074e-05,0.000206266616231376,0.00013791166841303,0.00030455515528165,0.000145779839928541,0.000226985234096018,0.000136784862852073,7.1133660468222e-05,0.000186008092056999,0.000184926857349445,0.000398678326159781,-1.36565626426235e-05,0.00010585088041669,0.000271429462997068,0.000114051945733999,0.000382609779091837,0.000243402231393523,0.000316613399705154,0.000343564008279621,0.00028711542668966,0.000210788574561773,0.000346609751100114,0.000264685666334258,0.000312968680001008,0.0002570496676601,0.000105547853736797,0.000358756459367208,0.000313779612775494,0.000238059769669737,0.000135610291955807,0.000443608444399962,0.000500806705644793,0.000152958495403442,-0.00148863455300534,-0.00465991146790762,-0.000327836502396867,0.000521678651506987,0.000596011133518861,0.000133707887934458,0.000305454539376216,0.000534610472603026,0.000766844792504709,0.00105672159880463,0.000893834347018715,0.00104694313196686,0.00128554385929269,0.00124698138556774,0.00254113126602443,0.00347006902782687,0.00481096255908978,0.0132949824115668
"649.621",0.000252200175020813,-4.88051951579782e-05,3.56355842672803e-05,0.000176083135173331,4.24959063405794e-05,9.99619605021501e-05,0.000121007229704502,-8.03188395708837e-06,0.000143271674557012,8.76381380940262e-05,0.000157195138441938,0.000340996536777521,0.000131234723862755,0.000194166855294494,0.000348775615541831,0.000182395504426278,0.000101561491872966,-2.58847115375893e-05,0.000315754103927583,0.000213971882091445,0.000436414077188786,0.00033864448025702,0.000372328079048994,0.00029033088843871,0.000271963316631118,0.000373783176997263,4.85044414617408e-05,-7.59870983120889e-05,0.00027459123519758,0.000236942948392277,0.000422372850073762,0.0001876420335449,0.000165901436665414,0.000270256744213312,8.51226490864972e-05,-0.00379759097475878,-0.00265161308421999,0.000218150007611585,0.000193883772205693,0.000473306014422928,0.000399436119471839,0.00034558445546371,0.000605129904869021,0.000360361486739263,0.00109373429183066,0.00101644833395576,0.000259955744271902,0.00124006671016463,0.00159781704011256,0.00248995644175294,0.00336201516660587,0.00519548206835929,0.0174965918005748
"654.341",-0.000219655702400956,6.34123005891515e-05,2.05852418580463e-05,9.5324942599605e-05,8.9626648674035e-05,-5.64907346764887e-05,-3.8448651872964e-05,5.54138211819655e-05,2.50546459754517e-05,-3.39837836898335e-05,-3.19384973500391e-05,0.000124675504413777,0.00016209497885022,0.000183072585961292,0.000160007137747579,0.000205498529420049,-7.16750983351196e-06,8.23827846472091e-05,8.61734544908224e-05,0.000156537440009817,-2.14741545871593e-05,0.0001051239497523,0.000269358311439622,0.000232620801793356,0.000198691968455742,-0.000182936531469467,0.000123229040345588,0.00014002982102683,0.000226485624181631,6.8707673952313e-05,0.000129211891229436,7.82808841113926e-05,4.84561571187749e-05,0.000165947892002146,-0.00140454360551589,-0.00429523794685633,-0.000883137623180257,0.000131830806909916,0.000255134657172336,0.000219275014074901,0.000279031115036701,0.000306192918084336,0.000711401225508717,-1.66197728593222e-07,0.000269696081846448,0.000600103526724105,0.000769496513796066,0.00081681403517158,0.00030255290299425,0.000660691744895312,0.00159056029119768,0.00183055344607711,0.00350576183821445
"659.063",-3.06566052908614e-08,4.90941584493686e-05,-7.35847278606173e-05,-0.000114944056220062,-2.34204517313042e-05,-3.05972646869015e-06,-4.8160485372321e-05,-8.06736692028755e-05,2.97935262824551e-05,8.44284563505734e-05,-5.85173456429566e-05,-1.04870242485897e-05,0.000105328559447167,0.00019529888741267,9.96111571763631e-05,0.000173244547696296,0.0002154474523486,2.2661008561795e-05,-4.06306994828439e-06,0.000390304275121557,-0.000137567075024781,0.00022455483089577,-0.000105434664198912,1.56897891555339e-05,0.000274884187144372,2.17625730274416e-05,2.82230518673485e-05,5.29262651457074e-05,0.00026717462385676,4.51269944501195e-05,0.000171541682099872,1.58604876673971e-07,3.18397121989011e-05,8.38041391307996e-05,-0.00245036020336896,-0.00300502608526531,0.000337541324188868,4.32848848682931e-05,0.000261836019733821,0.000364604084424502,0.000309120241596271,0.000259317427360911,-7.62048202634289e-05,-0.000379252063163077,0.000472774616336172,0.000113763276622941,-1.1487908468586e-05,0.000171133163013951,0.000274532795524644,-0.00034743345072388,0.00350557528132964,0.000537526967320695,0.00782504097811614
"663.787",-6.63203930168651e-05,-0.00013678053210141,-6.2435051201545e-05,6.60467150447637e-05,-9.80845039635435e-05,-0.000115987314415784,-3.026235931841e-05,2.08895547003393e-05,-2.32041663395462e-06,5.88630484581324e-05,-0.000127656021878665,3.19054644372508e-05,5.89408310791724e-05,0.00016568114219095,-9.75558431928852e-05,-2.41288186773454e-05,8.36893603743032e-05,-1.54396646305056e-05,9.66787612339536e-05,5.76782810514078e-05,-0.000156903454874839,-0.000165664428362053,-4.52785079447136e-05,7.88786469749968e-06,0.000214803157046615,-3.67507116738778e-05,5.76450196805368e-05,0.000111108481037304,-9.26808227399994e-05,-0.000112498078114518,0.000146245678470009,0.000195207006733662,-2.71817254488612e-05,-0.000916127030534781,-0.00205155120945908,-0.000852691059824417,3.73506580816058e-05,0.000165356016001689,-4.99460482765262e-05,-2.87678764672777e-05,0.000471868948016521,0.00022186483864066,7.51427458194911e-05,-8.4543057526158e-05,0.000624612107546234,0.000268612453496654,0.000484198508483181,0.000172027378348778,0.000720646905359718,0.000637129634583685,0.0015590702474043,0.00267176825585831,0.00674344751910204
"668.512",-0.000185800876200983,5.08807358760875e-05,-0.00031451579087786,9.43491418024703e-05,-7.15613179554258e-05,-0.000187613938408149,-6.55812770312467e-05,-4.20302516814074e-06,-1.39992772785441e-05,-8.36149871001738e-05,-8.37049805265959e-05,-6.42112012677732e-05,0.000211599896999847,6.16726947482549e-05,0.000119347497577821,-2.80401544180637e-05,-1.84924514301806e-05,4.22531723855534e-05,9.30822416534585e-05,2.68091642175117e-05,-0.000127501001274497,-5.85421163050343e-05,-4.56855022847237e-05,1.98769825729244e-05,0.000204835259448734,-1.11555767447616e-05,0.000228959003384347,0.000111780058507065,-5.39382824391776e-05,7.06743365605795e-05,3.15527429532977e-05,5.29977430394441e-05,-6.13304569320287e-06,0.000167752502182032,-0.000996116772496024,6.36741370208829e-05,9.54787984118463e-05,8.31761288187738e-05,0.000303956324692427,0.000118283019743086,0.000232155257112333,0.000162468766239928,0.000297260322838494,0.000176519446446782,-3.3327997192508e-05,0.000580069884760122,0.000225467315111765,0.000172015038610914,0.000411180260018294,0.000461285156643985,0.00134232608323483,0.00239671809467539,0.00878108864115144
"673.238",-0.000161669664768588,-6.93737018800911e-05,-0.000228214853912271,7.99720583692909e-06,-7.55575240589169e-05,-0.00032195775198914,7.29626130228057e-06,-4.88782540057814e-05,-0.000129542257577499,1.08401340182809e-05,-6.91884668686975e-05,-0.000118442306826734,-0.000108275212645174,-2.55541378083243e-05,-8.47664640150415e-05,4.87023847638198e-05,-6.27252267038422e-05,-4.05599533840289e-06,-0.000174819930162332,-6.7807225490861e-05,5.29841489544047e-05,-0.000260416324897043,0.000170901353800016,3.20027800100444e-05,0.000221522416751527,8.52675221918686e-05,-6.95846600161029e-05,4.35691077618743e-05,-3.97645163816307e-05,-1.06876672932071e-05,3.89366138142149e-05,9.57067328568058e-05,-0.000869846740989139,0.0021911368487223,-0.00018999310116203,2.00842499608241e-05,6.70876761670039e-05,0.00014092150035423,0.000199273888764882,-3.15654656812482e-05,-0.000144897306337512,-3.74056153963499e-05,0.000224434824410404,-0.00021234081972307,0.000329012209686701,0.000154963172574419,0.000136408345249763,0.000510804494340786,4.84695222580506e-05,-0.000180024057104168,0.000583896041104641,0.00060286676879369,0.00215552618980489
"677.967",-0.000130669363395244,8.8001800406667e-05,8.89617898164559e-05,0.000118592226055594,0.000158996757297064,9.03197474836155e-05,-2.60958766953552e-05,8.34692573337872e-05,1.4250543752863e-05,0.000215877086681871,0.000200063063233393,0.000177219219594788,0.000146699842076269,0.000338318574572065,0.000135196238813488,7.38201251203432e-05,0.00025290922197107,0.00046640632597169,2.15314353564948e-05,7.71892310593716e-05,0.000151336888366282,0.000219754702407081,-8.41994592731723e-06,0.000320318809827354,0.000134512639973762,0.000145899291464366,0.000198984604306898,0.000230693044823598,0.000225773613494892,-8.96089922800527e-05,-3.87542272762985e-05,0.00030288881493173,-0.00109967255061766,0.00277213788331767,0.00010757184423376,0.000275110479543117,0.000248207212834694,0.000377098296966326,0.000285159477032538,5.02913154020596e-08,0.000206862282818564,0.000251683716205895,0.000816249587706448,6.47365189223205e-05,0.000572307050429338,0.00061774766685678,0.00047087416211233,0.00165343041075018,0.000216087745772402,0.00127799340839451,0.00235888162623939,0.0011930636184405,0.00457152789841547
"682.696",0.000100608066999754,0.000216926757228038,0.000627825001327957,0.000305145504899494,0.000258525513334618,0.000167075826754113,0.000235543442942402,9.74434717835252e-05,0.000146429959824725,7.73464105821771e-05,0.000257455528267882,0.000252304890282018,0.000296683000292971,0.000241731706739872,8.63543302876588e-05,0.000330776843752155,0.00023697768369236,0.000309223709320317,0.000469089025646524,0.000280166041829802,0.000337725009492275,0.000461869008371133,0.000454551073842497,0.000405847902786766,0.000404640496842771,0.000389919849654427,0.000521701499332115,0.000388799232983971,0.000452896634071696,0.000450398043745159,0.000316911917319805,0.000330232503881457,-0.000618819060977244,0.00148770598865199,0.000441081935941402,0.000479777631987093,0.000637872939605171,0.000305066917297972,0.00047311743611504,0.000730074242000125,0.000441276381860729,0.000716253101085342,0.000800411705355806,0.000586167238138816,0.000746482634105433,0.00110949502143834,0.00167310595859548,0.00142561591978238,0.00225476615775283,0.00303887669541007,0.00192490465479651,0.00476816714465714,0.0171942841587635
"687.428",0.000165076620429606,-3.27676123352851e-05,0.000294793447784073,0.000206387527227915,0.000176079341416584,0.00012061057975214,7.25721832257591e-05,0.000122203478042538,0.000123243468383458,0.000125244909675175,0.000169768380637768,0.000309324622882722,0.000386863599352367,0.000258370411830799,0.000166606607880219,0.000110918146053254,0.000102233071591745,0.000275241385759896,0.000166113078996526,0.000147939780110869,0.000117816963843028,0.000387385097592198,0.000457566656269283,0.000202171963956783,0.000262307080369344,0.00035069521817658,0.000194956109581597,0.000309485375292941,0.000344793835462698,0.000340158090633946,0.000163313927487605,0.000670911206703224,0.000418927250009839,9.10583617549257e-05,0.000304933406540616,0.000551841752583749,0.000184094021506476,0.000257721552836981,0.000358918750711692,0.000556612777931956,0.000517696816235196,0.000441151966884694,0.000370756948327525,0.000590200995422353,0.000860614753986996,0.000727890339240175,0.00116926630855678,0.00121368687816863,0.00233833996009623,0.00182594424954101,0.00379711241915476,0.00429043978169629,0.00890198926147721
"692.16",0.000252105705744987,-0.000143962494367291,-0.000343816102504432,9.74961741694981e-05,0.000226466808132388,3.84426188575852e-05,-7.77845378260282e-05,5.04132889204687e-05,6.55865054342679e-05,0.000100709064210743,0.000161390877962016,-0.000199928227744878,6.54582042874621e-05,-0.000176948212561859,1.45678730074153e-05,-7.27385201162874e-06,-5.74186556540642e-05,-1.62740119074781e-05,-0.000246294231651113,6.96472510317653e-05,5.92914206665048e-05,0.000259636623377415,5.16635249763515e-05,0.000182469401501822,0.000311003434128268,0.000218201168096707,0.000305751390750461,3.64074965548378e-06,-0.000134073655213665,0.000110687265370792,-0.000180208120427179,0.000504790553994175,0.000329828366062915,-6.70450375584163e-05,0.00018642992731455,0.000159121783900444,0.000206638074359236,9.60076816584844e-05,0.000114007150671435,0.000145662359221269,0.000243650525633659,0.000198372223505603,0.000147305218188612,0.00048394705370088,0.000229220994824398,0.000471158699384918,0.00112891165433164,0.00135953123148461,0.000361190259436062,0.000366106601081498,-0.000411531543456523,0.00490596448127764,-0.000770281776291446
"696.895",-0.000113391918889381,5.31742718420083e-05,0.000162768113597099,-4.46455730784316e-05,0.000145967132910128,6.75905014705012e-05,4.97613332222046e-06,9.48510707316821e-05,7.28982648038294e-09,0.000216910913283435,0.000121854590689906,0.000190121202085536,0.000116327444677503,0.000235010470727689,0.000194316659645276,0.00032635174728427,0.000268277217777006,8.07583105269277e-05,0.000225728696949417,0.000313576903843638,0.000151351771509011,0.000156712681261423,0.000424325375961598,0.000221248116830644,0.000126682105387391,0.000196516495469281,0.000193523852370691,0.000260373226119397,0.00028149684249298,7.72800025193522e-06,-0.000347553651406976,0.000513097225070414,0.000374793018167716,0.000192518559105593,6.6334865291847e-05,0.000295706423173433,0.00038140522133165,0.000225204320663644,0.000365017711309654,0.000226604302339335,0.000103176525269818,0.000606152574302188,0.000576459142026664,0.000531278117134391,0.00069141316103073,0.00021156029174686,0.000580199547209,0.00131153100624319,0.00177915841806969,0.00165846678462981,0.00195705297364487,0.0024833879848554,0.00722903666496108
"701.63",0.000402899404996953,0.000238432508384088,0.00023442448754014,7.84596207819698e-07,8.66185386141122e-05,0.000120122197731612,0.000163131532777579,0.000153689370739706,0.000155450414377349,7.10304205786863e-05,0.000277229538132077,0.000357112736705464,0.000168127891574271,0.000164337942649889,0.000340161795833386,0.000153285853519111,0.000293734683433367,0.000264569142628837,0.000281182920899619,0.000292507757352481,0.000425655558448059,0.000105502514171349,0.000157078704323456,0.000248470703028943,0.000279703613612742,0.000256442806079137,0.000294747513532547,0.000430045138331494,0.000408819565937057,1.22019576491612e-05,-0.000520983615320329,0.000178490452547541,0.000149151146816427,0.000398998519367567,0.000267518433498595,0.000355777642575192,0.00046766246616101,0.000601680422998283,0.00034777908582035,0.000505684425668058,0.000329752431754644,0.000302342598629799,0.000515553823547092,0.00027415766340745,0.000705506906339884,0.000681852123675412,0.0010263205804979,0.00112574126594526,0.00154846925041689,0.0017201377129372,0.00255492962472581,0.00664720045747093,0.00882203124181913
"706.367",0.000243597734352896,0.000207468737955769,3.59203626409868e-05,0.000184467018108793,1.46565377100027e-05,0.000134647877546047,1.4171543539628e-07,8.11011449204117e-05,9.24285271993091e-05,0.000178242837245665,0.000264673249627405,9.51230977743294e-05,0.000205755868248172,0.000235930292757785,0.000145896878356914,6.64957300900186e-05,-7.96493127639105e-06,0.000111129860909066,0.000324960377697424,0.000233971363206224,0.000411960705633606,0.000440221983163144,0.000309277000506773,0.00042620677195597,9.30233610712718e-05,0.000149620215438009,0.000104437207667207,0.000292820198494315,0.000237570235494933,-0.000432623333591398,-0.00063211505873299,0.000509947389854878,0.000271530061264408,0.000353685814290166,0.000430587708966226,0.000234537422233359,0.000265565927183697,0.000110372579929119,0.000408976053559095,0.000558581532087103,0.000222384116420449,0.000504032919101795,0.000620877381538405,0.000397291097327841,0.000844768208094584,0.000699730756694845,0.000314003280148445,0.00159501653052772,0.00105800506428786,0.00204852118106037,0.00226565075372186,0.000354898067125977,0.00734732618006522
"711.106",0.000183776103895262,-3.13882585557685e-05,0.000456581361576691,-0.000194296423054526,0.000128614295506754,-1.32730533085271e-05,5.81636394316496e-05,8.97515522668685e-06,-2.26908529625326e-05,0.000194635806698086,4.18426752029844e-05,-1.53682145142413e-05,0.00039185593865273,0.000101647918779359,-3.02360165339334e-05,7.08650569491896e-05,0.000162038956625715,0.000108249123700824,0.000182526992909701,0.000333150328219385,1.89199101052628e-05,0.000345927523523688,0.000169728460364477,0.000267000918020507,0.000253479471245315,0.000274479589411593,0.000219395358776029,0.000366107548137316,9.73151308158375e-05,-0.001023033462449,-0.000343560407172863,0.000242064790219033,0.000202208462891851,1.17979258232021e-05,0.000217815995518361,0.000152287799000361,0.00036764477408077,0.000224618113713389,0.00022399949715543,0.000306168663960641,0.000623828657535637,0.000582756756119848,0.000293403040678247,0.00071425265255541,0.000220271158633046,0.00107232960016103,0.000940991454947814,0.000675958614284478,0.00133702380355312,0.00295628629031401,0.000569386643046565,0.00186760083005579,0.00890032885755701
"715.845",-0.000129908040663103,7.48930435936366e-05,-0.00027462617194939,0.00012745279878764,-5.19414466414548e-05,7.71623325724685e-05,9.97940926447864e-05,1.13583166862104e-05,8.41018272656757e-05,0.000105786961152274,1.26039393886921e-08,0.000108882347263131,0.000295244103310342,0.000197735002368471,-3.71075079428073e-06,-3.79560901269113e-06,0.000112017213346177,-3.77949486503045e-05,0.000217169907730649,0.000302719602241782,0.000229741772174261,6.81812023096671e-05,0.000230391856664059,0.000187524006490485,0.000368290035774508,6.87125094355604e-05,9.52668439054705e-05,5.53684269917012e-05,-0.000251807305967967,-0.00118089450060121,2.8437469482917e-05,0.000294355968703605,0.000215911172978342,0.000185036802621739,0.000159226077869995,0.000240292418038877,0.000648236552196343,0.000312347496570508,0.000266423131816077,-0.000240364637494919,6.79122088930686e-05,0.00041773052225061,0.000169037213287275,0.000146020829605134,0.000330220827925315,0.000600632370013921,0.000877641037042546,0.00103432674409371,0.00153126946401025,0.00255523829261085,0.00268860432742169,0.00212695564089875,-0.000498557348823526
"720.586",-1.6217754633775e-05,-0.000185902561630543,0.000133481505234768,0.000141744141917499,0.000137811771117772,0.000137632894014702,-3.84580306820856e-05,4.16103548036969e-05,0.000133018963248755,-3.23772508280619e-05,0.000111097055167872,8.96802064380333e-05,0.000259534064896495,-7.93057057157525e-05,-0.000268524359704352,0.000147881393324567,0.000368790581492385,1.68920147453268e-05,0.000374777860249692,0.000347465518964466,6.23152263581592e-05,-1.37203624313773e-05,5.43020024802201e-05,-0.000100547032661809,0.000319349061072766,0.000262271195443946,0.000198708722891115,0.000233463713583636,-0.000539654955956599,-0.000581720897311067,0.000329635599743734,0.000237393858053169,0.00031296854049559,0.000181477348924882,5.6937350210141e-05,0.000270768229683662,0.000128897110213281,0.000220741120895445,-2.51374486321103e-05,0.000320819450523065,0.000490260078053016,0.000577956973593812,0.000364778096136553,0.000770520731019321,0.000553307327896906,0.000686001645088511,0.00117556764034898,0.000232403470748783,0.000541025518026645,0.000840619708811174,0.000491418243902439,0.00617486773969262,0.0111376613144566
"725.329",-6.29056149337762e-05,-0.000143739331644446,6.45220648595725e-05,-0.000204057840469819,-0.000282922716691958,3.7289889064578e-05,-0.000171243893128389,6.30214380826212e-05,-0.000103647522383114,1.79035511640911e-05,-2.31202794327396e-05,0.000189433949488579,0.000164176744430623,1.60826601372307e-05,7.75807024759825e-06,-0.000115073320172204,-8.06655082930564e-06,3.00409746975022e-05,8.9033406027056e-05,3.98460517677389e-05,4.87082747606302e-06,9.21007831509392e-05,0.000128357611003355,0.00027869492983593,1.14368961455903e-07,0.000155431784878043,-3.19430276766826e-05,-0.000131707527260895,-0.000485624520426553,7.22213479212781e-05,0.000201849795697177,6.98120840084297e-05,-1.16352474681452e-05,0.000155519692812694,0.000149006627745313,0.000236199295189001,-6.23104964410418e-05,0.000135826746496954,0.000280195482040639,0.000200839871952107,0.000468037126623163,0.000267709994655566,-3.43733974287955e-05,0.000554882245935425,0.000551797131195719,0.000341816019620031,-5.02052623354662e-05,0.00102044900636182,0.000292450382062651,0.0017863232213254,-0.00066339213924459,0.000926992641157122,-0.00126673525323721
"730.072",-9.21639575058588e-05,6.20716471100269e-05,-7.94940052263459e-05,-0.000109012798562549,-4.16808601262649e-05,-3.76500959032898e-05,-1.03720011190287e-05,-0.000124595667493252,-7.82540382525971e-06,3.60278798006629e-05,-8.31985679612243e-05,9.1327455784827e-05,4.95514711672744e-05,7.67117149905401e-05,8.98744929124249e-05,4.6270826575682e-05,-6.13813559029262e-05,9.45621666446618e-05,-0.000221478859085737,5.48164165893475e-05,0.000293304149976369,0.000217944203392475,3.67736391305455e-05,7.11955196512372e-05,5.92254736029237e-05,-9.40478877817136e-05,-0.000100367112813486,-2.59918245953915e-05,-0.000459201967372229,7.49833609701578e-05,1.18236199861933e-05,0.000378468540951459,0.000188857584658518,-4.79480959439251e-05,0.000133491591180737,0.000137582123102798,0.000375145978346313,0.000146247100129377,-9.25006076719833e-05,0.000147446266538494,0.000156510112902175,-7.50265945888871e-05,4.8875249010872e-05,-2.37125199622827e-05,0.000190709174876497,0.000892575050139059,0.000566998491212478,0.000356489927545414,0.001473344395123,0.00199697334257027,0.00138807854559116,0.00501730291151357,0.00605477777147135
"734.817",9.8034046407672e-05,4.3585771197116e-06,0.000183023536245307,0.000266858301747518,5.28759185025199e-05,-0.000114196325989616,6.79587552253814e-05,6.85637147653281e-05,9.96586404848723e-05,0.000154112057425961,0.000224447694898346,0.000255873335391198,-4.99617971914283e-05,0.000313138200620959,9.44880620686377e-05,0.000190907050856331,0.000123542438964075,0.000203822542559506,0.000323081155253721,-0.000110194537428219,7.88484969418614e-05,2.3567204551766e-05,4.58880519798288e-06,0.000175027598725887,0.000225769129486406,-4.49902741809812e-05,0.000131026535016478,-0.000290719967949857,-0.000203851690407855,-2.35637914886464e-05,0.000401227854346837,0.000145550603137192,0.000245993601628506,0.000186228605668338,8.45968947969749e-05,0.000231854854551723,0.000414556738816149,0.000265053573157374,1.07874955349408e-05,0.000379319570430065,0.000509212752168693,0.000411055202088009,0.000250490752795153,0.000404144351504579,0.000688347241951221,-0.00023742752486926,0.000902548856263983,0.000764971958431786,0.000852824126246132,0.00136790882520461,0.00151540819754597,0.00544465303300265,0.0138493524708967
"739.563",-5.29704022220511e-05,0.000155910220687207,-0.000243381545320409,0.000137055526271792,7.33090062820561e-05,-3.52635188554151e-05,7.17410568555423e-05,4.30883393114598e-05,3.72055715301742e-05,2.13834000948142e-05,9.83105823789162e-05,-3.23578526996932e-05,0.000248228562560067,0.000246800589114882,-5.57422987252375e-05,0.000181063514901694,0.000203878585206303,0.000201566624713677,0.00043219946959871,0.000101638596668784,0.000532914140327224,0.000439815867793092,0.000295942685224001,0.000258514550963509,0.00031872642753364,0.000160120021738871,-0.000120983693159167,2.51281220470263e-05,0.000138681929939346,0.000104443187672953,9.15138348713151e-05,0.000155137128993198,0.000112328578137043,5.3256468012906e-05,0.000196191825181335,0.000108724158567459,0.000178935463165941,0.000307705788879959,0.000407502980619013,0.000233226031966176,0.000349465560315822,-2.51763626581411e-05,0.000239091980107372,0.000464229525824337,0.000612658543424514,0.000844461858141488,0.00114379211423756,0.00159080087171261,0.00125594812675664,0.00261008759821419,0.00082227371184388,0.000478004873278935,0.0125390514905425
"744.31",0.000426966910410452,-0.000146655300121476,-1.36926670973249e-05,-3.07538886401579e-05,0.000211463601231522,2.79590280279567e-05,5.66373152501357e-05,-2.16520285725809e-05,0.000104720859123985,0.00016377564088177,0.000137059940904562,0.000134941597931563,-5.52546905798726e-05,0.000328396651383436,0.000188987009023094,0.000290076514720363,0.000142588556047121,8.78419443013993e-06,5.80749892130511e-05,-7.21718079424047e-05,0.000211388414951534,0.000124171995695263,0.000318070040354265,0.000229106168937948,0.000121993758323427,0.000385146735301146,-0.00012748799065905,5.2466002140289e-05,0.000222254262404158,0.000113637598740953,0.00011239403194112,0.000268953935969652,0.000376920598923608,0.000260320873503978,0.000258715406905083,0.00020340386306756,0.000451312989265699,0.000430840743611569,0.000295296611471699,0.000667476773768498,0.000136662105104466,7.07240690614555e-05,0.000645660121947921,0.0006464446493834,0.000252193715793911,0.000641276047798521,0.000843926315688788,0.000856132106517885,0.00102178600960896,0.00121400061904776,0.00240801508266968,0.00462444484168622,0.00947521978932755
"749.058",0.000341432209655931,0.000170811213524871,0.00017996188921351,0.000135843397901445,0.000165884559477652,0.000220840085139771,0.000271327278906364,0.000168750200164821,0.000121922717275601,2.80842456186288e-05,0.000252705568130889,0.000379980946972541,0.000107387536947957,0.0002225919121044,0.000194952539260201,0.000373565297978659,0.000276131548725531,0.000187830505698123,0.000146916730265483,2.06308995423e-05,0.000132123945111338,3.85548878299142e-05,0.000302198470121606,0.000189946153457053,0.000492608994064066,0.000753018984853486,0.000232923444327598,0.000196776505382131,0.000311793624584561,0.000344410644273366,0.000141978318497694,0.000231323437541081,0.000217027573994561,-9.52482219050389e-05,0.000399974891514808,0.00022287525485281,0.000710394307186158,0.000465747117721951,0.000671516561365361,0.000487425636816995,0.000471082708249847,0.000299648728000754,0.000623700778119039,0.000106156351091362,0.000889563284937276,0.00022356572687511,0.000839714568578749,0.00190268081503098,0.00128185352561781,0.0017151294318855,0.00137724025400423,0.000342780723793695,0.015015565998843
"753.808",7.40428033294992e-05,0.000240477354611064,5.33514870367874e-06,-0.000120210568486857,-3.20508447502639e-05,1.47648923490456e-05,0.000174483571694792,1.25484808066546e-05,6.90487403993466e-05,-0.000108126350165319,0.000130562512323275,-2.94744757944704e-05,0.000122607875923413,0.000256828664754333,-4.55663539562057e-05,3.50258266143614e-08,-0.000169038114653135,0.000100348223478186,0.000219893117885774,-0.000185128317243433,0.000217455537143047,-9.34407129131553e-05,0.000224954189037024,7.06997201157044e-05,0.000799770477134321,0.0012439726404839,-5.65002487328964e-05,-3.4199338702889e-05,-4.24343459466129e-05,0.000187934497854453,0.000153101844414224,0.000132214275008394,0.000212813452137769,0.00026928046130083,0.000455751687802762,-1.87133077561923e-05,0.000313030421340821,0.000361056166897366,0.000146420008743494,-0.000207983523650413,-4.33072451204962e-07,-8.71437223554311e-05,0.000497378036034382,0.00064072318969675,0.00021148010511657,0.00104846353841327,0.000868173896845416,0.000566850805204631,-0.000314823088311724,0.00135443434887038,0.00291738109754774,0.00357918661300219,0.00151358596639115
"758.558",-0.000111239687128891,-0.000143253534161873,-1.02251543898744e-05,9.41337170147697e-06,-3.23781341457299e-05,0.000107267431427217,-3.64344731698964e-05,-3.53971217148016e-05,-1.967812421568e-05,-7.44723208647485e-05,9.70608367308963e-05,0.00020574686464186,0.000236291643634245,2.61343529722234e-05,-1.21868140565845e-07,-2.51973608656537e-05,8.80798159425072e-05,-0.000139525442250226,0.000101564203763724,0.000220676230318237,-0.000105704465581562,5.4807771798924e-05,-9.94367075572177e-06,-3.33716403441213e-05,0.00265744281613946,0.00113704294409906,0.000131506594550086,0.000320985864681773,6.46263045456086e-05,-1.29543246075957e-05,7.99006637574917e-05,0.000159941447827762,0.000352940340642297,0.000226647821402697,0.000233991197861466,0.000108251486189295,-2.99380113122187e-05,-5.81385244117611e-05,5.08337575880799e-06,0.00048789928438802,0.000187731450695969,-0.000284120943425143,0.000274337471917567,0.000422886995497703,0.000725415958261999,0.000881246034928503,0.000557691936641229,0.00065668972092871,0.00144802295463705,0.00204632700539663,0.00309001484850684,-0.00216171606647786,0.00327823864229092
"763.31",-0.000589437330858825,-0.000333747361466465,-0.000231521035143494,3.87495560818084e-05,-8.80605555631091e-05,3.60322606446176e-06,-0.000178099070044758,-2.85322149242836e-05,-0.000272472587501303,-5.61561212228212e-05,-0.000179571330463279,-0.000170523937825354,-0.000113711231036238,-0.000280083189643976,-0.000172005206093164,-5.96294093750405e-05,-0.000179847520575481,9.94156239362992e-05,-3.64059440631916e-05,7.12341243447868e-05,-4.84854656993606e-05,-0.000168608877630153,-6.59026121928622e-05,0.000330486568387745,0.00637656392643985,0.000300316968106114,-8.02474552448112e-05,4.42658847712168e-05,5.71641951718219e-05,-3.87530297460778e-08,8.16113795470374e-05,0.000171742363489399,-3.40077061910953e-05,0.000107969721254228,-0.000160019865458459,-0.000110808251092968,-1.53331628899877e-05,5.27686300691366e-06,0.000124263662629286,-0.000114343146849621,0.000402585964940057,6.71383322826622e-06,-0.000106868236275339,0.000353618291087671,-0.000271010908796596,4.64182683229602e-05,-5.61022948228999e-05,-0.000804008946610957,0.000385159650669241,0.000253171054978172,0.000568606315770556,0.00178172094074604,-0.00396890956586908
"768.062",0.000365662699888426,0.000210825602048616,-0.000124696457408943,-0.000159785838796832,0.000156291519270554,2.31017897512082e-05,0.000148046190762132,2.872219727617e-05,0.000101400102161838,-3.3341331829841e-05,8.58204732160977e-08,3.0897589947258e-05,0.000546241545222561,0.00024229770799586,0.000290757160351188,0.000150085721439976,9.04929922664651e-05,4.76491114401216e-06,0.000366600333478639,0.00018271636711755,0.000499739622648275,0.000226904619520577,0.000358893297344442,0.00129784133201185,0.00854308653557115,0.00024301308447234,0.000134986357073147,4.46925545653873e-05,0.000239845480964482,0.000144451406010815,0.000212416936589485,0.00018205693873323,0.000306858071498701,0.000281850711336195,0.000406776902031488,0.000174889234141275,0.00040004950106371,0.000280974248747881,0.000210753399315832,-6.42564144312226e-06,0.000141284568867542,0.000570769628383163,0.000352298824937373,0.0001216096105744,0.000140960595600306,0.000668367125813624,0.000770112299749339,0.000875900087047169,0.00124658745725626,4.75804042909225e-06,0.000893915818160253,0.0036732816030879,0.00281588489293245
"772.815",-0.000114765139269447,-0.000500428954613423,5.70481451329423e-05,-4.78521398272334e-06,-0.000273665311631418,1.53039061211575e-05,-8.10435740014595e-05,-1.30883020690416e-05,-7.51570648045817e-05,-7.33484311047937e-05,-0.000110895066299042,-0.00012346073236044,-0.000284404173514405,2.6887520026842e-05,-5.65085950250112e-05,-0.000133138451042715,8.17096023157097e-05,0.000114553651512442,-9.96955625040554e-05,-4.99318355769367e-05,-0.000276896632358,-0.000128940728129638,-0.000423211254368421,0.00355637112647396,0.00567886438822163,0.000100615008616677,4.94322871802126e-05,-9.00548930923163e-06,7.97871112473116e-05,-4.3908150190726e-06,0.000116864084494204,-3.03349427018257e-05,-4.71559314555294e-05,0.000200936294247467,-0.000129715586782009,0.000126154231217508,1.52995447443537e-05,0.000107917196715547,0.000341613775579484,0.000139204924577596,-0.000161406915252193,5.52329909612234e-05,-0.000414381859043867,0.00026122229805249,-0.000688038259752824,-0.000669078794619835,-0.000322985754279852,-0.00056300129676425,0.000611819801767447,-0.000265366015871024,0.00129649161815837,0.000943319663786037,0.00225734559033601
"777.57",0.000109771323734607,0.000581977106353963,5.84347240138379e-05,0.00043529498543404,0.00015498760289428,0.000264164351702907,8.5573586561838e-05,0.000112072013278451,-5.86170329164313e-06,0.000139424752515888,0.000267765038622385,0.00020702086978127,0.000280842028398643,0.000402707099249981,3.10204947867787e-05,0.000336954356214596,0.000434906716766991,0.000326730051799292,0.00017098374971088,0.000440738389942815,0.000437631844175255,0.000557856315052888,0.00142273362636394,0.00665544053827104,0.00145680951443364,0.000284217865760432,0.000366879717039089,0.000278032223301552,0.000294426645740488,0.00031711550039191,0.000269997294843762,0.000354100806575936,0.000513930883964927,0.000304808586665574,0.00035372155702193,0.000292209500367321,0.000146392219603888,0.000502280732833832,0.000383544457823336,0.000290325046070035,0.000177564023406301,0.000696948847338449,0.000445327140942995,0.00101424004255258,0.00148456940790149,0.00136495924402971,0.00170035779207745,0.00161857444099603,0.00175393122461145,0.00371497745599227,0.00534291482898527,0.00478783996612091,0.0149747697363645
"782.325",0.000370694167626391,0.000349061969834876,0.000478575829953004,0.000140682678233931,0.00045421869658735,0.000228648535283207,0.000174259705114249,0.000170395811859432,1.79691346263179e-05,0.000158862818922614,0.000371460015507496,0.000402133445613434,0.000461041057832431,0.000371690864176004,0.000274135142151053,0.000142214684499619,0.000352417846555454,0.00035159714336891,8.14354828496108e-05,0.000195068189196723,0.000405202302236928,0.000824626008708077,0.00187307150597129,0.00626150664229246,0.000495987077806026,0.000278934386221358,0.000391235766035899,0.00022674618520214,8.27687797341072e-05,0.000131560778207919,0.000408878152486937,5.44128749882093e-05,0.00019075422637567,0.000429476031411988,0.000302020662541332,0.000609110333951123,0.000387647037881501,0.00043659732467517,0.000695971050400245,0.000420053790589357,0.000400488371061292,0.000490345042634349,0.000904681066499862,0.000614402236687653,0.00122466264840604,0.00113824945019466,0.000782771407179389,0.00215801905830678,0.00273393177884001,0.00223782544566951,0.00252298688617525,0.00682128038146303,0.013177457758751
"787.081",0.000326106042295157,0.000213071639381294,0.000419247323841479,8.74286696860448e-05,2.68654299673652e-05,0.000142216582285125,6.17624400023496e-05,5.29538055371435e-05,0.000221682527072375,1.06531252503914e-05,7.08020442546694e-05,0.00025341635710208,0.000170812509046935,-2.38649326172538e-05,0.000429151112406232,0.000205353221872462,0.000275117126371963,0.000157322896785272,1.6573548097695e-05,0.000300432750470966,0.00034667714947617,0.00219548921650103,0.00184055085788961,0.00255790798132068,0.000364468501641732,0.000324854829193113,0.000334508589961351,0.000213802651892675,0.000297443275529915,0.000339962953698316,0.000276772606844422,0.000378742197875525,0.000190909555991637,0.00041728013142823,0.000211064419481071,0.000392655817420532,0.00031605114504796,0.000522981038372777,0.000229643440898102,9.64324724754267e-05,0.000177435201577377,0.000428875542522636,0.000326068847513228,0.000621100270484223,0.00107422125496509,0.000635174975289449,0.00132553701320199,0.000897038662784954,0.00250403623679405,0.00159915696623948,0.00280696528491204,0.00802915839618627,0.0133680195267962
"791.838",0.000175722308328286,-5.44931653016748e-05,-0.000148978469144666,-1.00253228497401e-05,-0.00011652659801417,-9.68754289962823e-05,6.30117999586226e-06,-3.61412988724609e-05,-4.61230734449431e-05,6.02364818917143e-05,-0.000141442938361026,6.09603891985238e-05,0.000180403585630491,8.1035554163013e-05,0.000115258613101948,-0.000369413731085644,-7.23419342542602e-05,0.000233548922896732,-0.000195072022655441,0.000241021298456257,-3.99610121544602e-05,0.00389235344780592,0.00128993504273915,0.000351889189275002,0.000368830371158855,0.000339328087154853,4.79721458073304e-06,4.25962301832192e-05,9.42743794702843e-05,0.000158034012509638,0.000378184669034155,6.04341042346438e-05,-1.40118608272621e-05,0.00025579792175572,4.39650278991343e-06,0.000102811946740361,-6.57069800498811e-05,0.000120202543636544,0.000150847739228733,0.000398732208279553,0.000273703129590131,0.000124870879822747,0.000430450743995213,0.000517964344750715,0.000729557524842654,0.000710459093898816,0.00016298063869465,-3.33326466003397e-05,0.00128494220790309,0.000314734492932684,0.002019823808171,0.00210063257120459,0.00668208904114896
"796.596",-0.00018623935623565,-2.46419259541731e-05,0.000348819907356347,-7.31319924272262e-05,6.37228480659819e-05,6.16331945762849e-05,-5.95779824586007e-05,-8.47544178934458e-05,6.26207199007382e-05,-3.97421253964793e-05,-1.20102038517494e-05,0.000358101785550677,1.9890181130251e-05,0.000155381105749138,4.22650210284183e-05,0.000496826714110328,0.000161946328070246,0.000227679976601496,0.00021538898132496,0.000401777178082171,-0.000338902655210443,0.00395293397277693,0.000716400876959739,0.000203438445046846,0.000136891301624634,0.000256811817433636,0.000146101299596696,0.000464149783654176,0.000115344634232076,0.000104148451636484,8.48903254423645e-05,0.000117543257042551,0.000255338830563801,0.00043908276027315,0.000244902325278925,0.000126103165845246,0.000144163213606557,0.000684651545313813,0.000178309806358451,0.000248468645618012,0.000488144350399329,0.000602579486139334,0.000828717831634287,0.000311114662402623,0.000525453450923758,-0.000143651410705454,0.000257184742535726,0.00100530064882694,0.00176940046934625,0.000470274345978095,0.00170390968113659,0.00537460848551001,0.00865514842033641
"801.355",0.000675298918180221,0.000251231854891694,-2.82022025882656e-05,0.000349202488465235,6.33553253557058e-05,0.000114318576041935,0.000103276622336573,0.00011732316331627,0.000202936565621647,0.000183811399080898,6.22740246036369e-05,0.000185534535505568,0.000355892028847233,0.000301761103802067,0.000109339296270975,0.000248265469152996,0.000118342817189987,0.000272072830930843,0.000259155998662273,0.000393632521109089,0.000485217928947259,0.00177376146953125,0.000310895886476619,0.000521783753717271,0.000267214206142947,0.000519998770747535,0.000234735988217146,0.000508953386849982,0.000157617330848805,0.000266109410032959,0.000413632997921806,0.000190196263079027,0.000449076758058657,0.000324720606704226,0.000440000384214244,6.7634400160382e-05,0.000248864548998139,0.000348302417245348,0.000382629241940055,0.0002764418029945,8.3416963758222e-05,0.000805882494930635,0.000757704769172489,0.000847301890288833,0.00127418140569328,0.000712884088998546,0.0003526754463219,7.78232221006706e-05,0.00159981673992296,0.00180744026086555,0.0047681150550302,0.00437384690170553,0.012316399597227
"806.114",-0.000197781861195626,0.000254646323203387,-0.000111728055212433,6.7130892060731e-05,0.000110165551156127,0.000149577475536502,0.000113859713396882,6.10259806753611e-05,0.000200093417447346,0.000186882051049563,0.000183176290172883,0.000210224590439266,0.000351580313465062,0.000150904986929929,2.03021244832002e-05,0.000184440350906687,-2.54435661110381e-05,0.000594217216606035,0.000181056840189961,-4.47879953160259e-05,0.000140174059089011,0.00037716621173798,0.000215331449216245,0.00049906398071577,0.000504340968671846,0.000289812625770908,7.98532974827963e-05,0.000400603579698222,0.000178426238641472,0.000315415556091797,0.000344849529033785,0.0002389980628938,0.000142944336883007,0.000358056015843916,0.000224126924980691,0.00032685040491201,0.000464481562301905,0.000282875901097493,0.000318998090342737,0.000209412315251103,0.00020473578935807,0.000513954901522767,0.000880394456498874,0.000447706826614881,0.000584785757241877,0.00110470386564677,0.000721009374459826,0.000773972520232131,0.00248262105440934,0.00104440079581512,0.00360034870712501,0.0060443155063643,0.0134888877533038
"810.875",0.000155430071241255,4.32308160455472e-05,8.31160852327621e-05,-8.77297585244173e-06,0.000283956652029002,0.000238491235414545,7.86987728869291e-05,0.000192953330563354,8.92182481315598e-05,0.000208699231751693,1.73020513462306e-05,7.01231997661506e-05,0.000338719175164317,0.000616154819249264,0.000304033096756303,0.000300466336254867,1.68589709319863e-05,9.81345479348135e-05,0.000430843331378929,-0.00061744990579833,8.79482105710675e-05,6.75294932331976e-05,0.000158024103597723,0.000369242095255261,0.000192794712715918,9.78354866213353e-05,0.00018869826645889,-3.77097416798843e-05,0.000224086075184428,0.000106628272316902,0.000316066549925102,0.000242746606955991,0.000420859322186722,0.00013738974295332,0.000133390239682687,0.000113133163357431,0.000268098807820212,0.000171584339227837,-5.39028805472844e-05,0.000282730000478642,0.000801018419718462,0.000533153950369621,0.000693437205775881,0.000283663396605819,0.000537423296043319,0.00017826872355983,0.000303618651981261,0.000864423221647421,0.00234571226970192,0.00173306217528555,0.00268906062417295,0.0064547840500937,0.00823998730298612
"815.635",-1.06478442470624e-05,-0.000191058271984659,6.2857666115588e-05,-0.000127037473882794,7.49719013272981e-05,6.77747724189908e-05,9.77125028012041e-05,8.05790924960507e-05,6.76231296061832e-05,0.000130822717008142,-0.000127801375713198,3.29906895383371e-05,3.85740575884032e-05,0.000117356668706868,-8.13938334160549e-06,0.000136199973817981,0.000101675258244328,0.000192082329357211,-0.000125411161838973,-0.000115300995350522,0.000335388805208238,-2.39931258923853e-05,7.17431098064637e-05,0.000332685021480442,0.000258713368018583,8.09426394556016e-05,-1.27602483577072e-05,-4.58925514754043e-05,0.000261461285554457,-3.93491750408137e-06,2.83393190614214e-05,0.000162014724394589,0.000281856690289506,0.000279127224708949,0.000435925765086877,0.000158684383360907,0.000191387516707721,0.000131339774662032,0.000238955582589697,0.000265726123501231,0.000186454852349262,0.000526991897321329,0.000350676867660645,0.000293418551085623,0.000263105245844333,0.00115034773325251,0.000447448879084594,0.000788385017014191,0.000705194143496613,0.00114367033868717,0.00200725581509347,0.00679481387184447,0.00997880990710699
"820.397",-0.000341008028340316,6.97476239295339e-05,-9.692124341088e-05,0.000131983202169546,2.36384884847464e-05,-4.62576394634035e-05,-4.31539253273761e-05,-4.78270674004788e-06,0.000186643492131154,-0.000115254761918141,0.000107165836404272,-7.4183452972335e-05,-8.14470705855688e-05,0.000272453702162913,-0.000150093448937065,-0.000208626273168666,-1.70569833316357e-05,-4.4410555552959e-05,0.000709025922471826,-0.000209878371512131,8.63208527128449e-05,0.000106051836706565,-2.41344948309295e-05,7.82611590689697e-05,8.31712141854746e-05,3.38667473761876e-05,0.000235042407596084,-0.000112807176405974,0.00023659560796169,0.000229334175404458,0.000105212614903631,0.000238885731391786,0.00026545792091132,0.000178945350706028,8.61513514578502e-05,0.000117931684939598,0.000105371665042999,0.000111016446619127,0.000335079838185185,0.000231750176648546,0.000337229847982787,0.000454848106201545,0.000141808411629606,0.000291671033083381,0.00058549205274307,0.00044736179817499,0.000407067184725177,0.00157494444798214,-5.99144245966921e-05,0.000941723960537216,0.000409644314535869,0.00554687618319352,0.0056341068122813
"825.159",-8.36179567579269e-05,-1.05544354507544e-05,3.47465229476346e-05,4.52414709188977e-05,-6.27411790806119e-05,0.000213566766232739,0.000121860376355297,2.50141697728128e-06,3.78962532322412e-05,0.000158892567631171,-0.000193442288886516,9.07246794508546e-05,0.000287288232599637,0.000167636248990731,0.000235145420230226,0.000140274783340062,0.000237299472818886,0.000372132250354798,0.00124789026090791,0.000389017534251384,0.000157206647835081,0.00017814111167401,0.000378133434277665,0.000119806196384475,9.19826689044146e-05,0.000157694994919189,0.000218242987562952,0.000337871118825814,0.000182621647560853,0.000171824800620346,0.000230799345523275,0.00041310358029964,0.000551436873168054,0.000153954126003253,0.000280150839163933,0.000322272201916835,7.63813573170859e-05,0.000287544060232424,0.000196721999826185,0.000231797887301751,0.00062031232165794,0.000441811110402983,0.000507643488804901,0.000422595839935516,0.00047122320728152,0.00116313522367667,0.000615972347135462,0.00101828464838132,0.00116168534030689,0.000887052322066461,0.000904377269912197,0.00751526970844492,0.0103356377108598
